0.000000000000000000e+00 -1.888332455379980804e-02 -3.579064960610141982e-02
5.000000000000000278e-02 3.164887150777664221e-02 -2.863344469399002959e-02
1.000000000000000056e-01 8.269707832417588778e-02 -2.324709460549382115e-02
1.500000000000000222e-01 1.318286737655190166e-01 -1.350739307561027447e-02
2.000000000000000111e-01 1.809234112958033325e-01 -3.288085030997617720e-03
2.500000000000000000e-01 2.309395966025570290e-01 1.043603985202009969e-02
3.000000000000000444e-01 2.802554815991940007e-01 2.895622988232896683e-02
3.500000000000000333e-01 3.315248358819458119e-01 5.555594504538213102e-02
4.000000000000000222e-01 3.801772784795248716e-01 8.898082984111885252e-02
4.500000000000000111e-01 4.294931634761617878e-01 1.293415626960150167e-01
5.000000000000000000e-01 4.807625177589137100e-01 1.753468953011846632e-01
5.500000000000000444e-01 5.339116255056628457e-01 2.235289036270479424e-01
6.000000000000000888e-01 5.823797785479480904e-01 2.719691616146884261e-01
6.500000000000000222e-01 6.314745160782324618e-01 3.252792703672706676e-01
7.000000000000000666e-01 6.806798273416930778e-01 3.702516043253314959e-01
7.500000000000000000e-01 7.346029512206766476e-01 4.231558921808352691e-01
8.000000000000000444e-01 7.841031257726075454e-01 4.700466521978124979e-01
8.500000000000000888e-01 8.327924262812453904e-01 5.224344407297618620e-01
9.000000000000000222e-01 8.832140486096454746e-01 5.710960555703542552e-01
9.500000000000000666e-01 9.327510810726352686e-01 6.207168834404048763e-01
1.000000000000000000e+00 9.844258723770336061e-01 6.682717140162376390e-01
1.050000000000000044e+00 1.035805800392961773e+00 7.200692176069821704e-01
1.100000000000000089e+00 1.081657041750074155e+00 7.707599369329667383e-01
1.150000000000000133e+00 1.129940905237065696e+00 8.200487295235898699e-01
1.200000000000000178e+00 1.182352854762639405e+00 8.705180919966226671e-01
1.250000000000000000e+00 1.232479613802569318e+00 9.224262740138428063e-01
1.300000000000000044e+00 1.283343531063674492e+00 9.724160299721467116e-01
1.350000000000000089e+00 1.331774826194900729e+00 1.019417468415599659e+00
1.400000000000000133e+00 1.381348716568949087e+00 1.069554795609204634e+00
1.450000000000000178e+00 1.431880912630525415e+00 1.115781485067326217e+00
1.500000000000000000e+00 1.482449966603160751e+00 1.169202272246384400e+00
1.550000000000000044e+00 1.533424457597442503e+00 1.215465854513331445e+00
1.600000000000000089e+00 1.582224331839256593e+00 1.267447822148202174e+00
1.650000000000000133e+00 1.631208495636364608e+00 1.318802612033042720e+00
1.700000000000000178e+00 1.681814407520058507e+00 1.367574905300111165e+00
1.750000000000000000e+00 1.734631794067278854e+00 1.417933589346668244e+00
1.800000000000000044e+00 1.782952515465328958e+00 1.469509736084460449e+00
1.850000000000000089e+00 1.831568100151849343e+00 1.520311133836921291e+00
1.900000000000000133e+00 1.881879148747073183e+00 1.569821283280495861e+00
1.950000000000000178e+00 1.933332792585118920e+00 1.620069288900576998e+00
2.000000000000000000e+00 1.985597310466457710e+00 1.672161934961923890e+00
2.050000000000000266e+00 2.033402021109684821e+00 1.719642979920106285e+00
2.100000000000000089e+00 2.080100994421149263e+00 1.771071555422597310e+00
2.149999999999999911e+00 2.132734091413075461e+00 1.820544812057346862e+00
2.200000000000000178e+00 2.183229429563593449e+00 1.871825816324536484e+00
2.250000000000000000e+00 2.235715094911284506e+00 1.923365070253503895e+00
2.300000000000000266e+00 2.282487784044866519e+00 1.972211149138222819e+00
2.350000000000000089e+00 2.331435089930915527e+00 2.019433944434627204e+00
2.400000000000000355e+00 2.382815017946843916e+00 2.067874202422268048e+00
2.450000000000000178e+00 2.433347214008420245e+00 2.119597920395361434e+00
2.500000000000000000e+00 2.483400257226232810e+00 2.169809033206617332e+00
2.550000000000000266e+00 2.529914940982402882e+00 2.219688110738445186e+00
2.600000000000000089e+00 2.583543201572916725e+00 2.268792439284941231e+00
2.650000000000000355e+00 2.634259687189787869e+00 2.318892873669720966e+00
2.700000000000000178e+00 2.685307894006187190e+00 2.369399128951579225e+00
2.750000000000000000e+00 2.732338588517180256e+00 2.417802494130394386e+00
2.800000000000000266e+00 2.783902806088402127e+00 2.469009712779933974e+00
2.850000000000000089e+00 2.833550412284568054e+00 2.517044149870495851e+00
2.900000000000000355e+00 2.880839112172972616e+00 2.568620296608287390e+00
2.950000000000000178e+00 2.936199694583248032e+00 2.619384801551923658e+00
3.000000000000000000e+00 2.982566946695183407e+00 2.668599808524896755e+00
3.050000000000000266e+00 3.033652011422641515e+00 2.719696348747959291e+00
3.100000000000000089e+00 3.085474234371274882e+00 2.768284177970900650e+00
3.150000000000000355e+00 3.133758097858266201e+00 2.819233146958664005e+00
3.200000000000000178e+00 3.185617178717958353e+00 2.870403472799377020e+00
3.250000000000000000e+00 3.234417052959772665e+00 2.919876729434125018e+00
3.300000000000000266e+00 3.284543811999702800e+00 2.969534450113001878e+00
3.350000000000000089e+00 3.334781144772808847e+00 3.016646566982930544e+00
3.400000000000000355e+00 3.385092193368032909e+00 3.068444070573676186e+00
3.450000000000000178e+00 3.437024990049842632e+00 3.115998901149508171e+00
3.500000000000000000e+00 3.483576531717071489e+00 3.166874084519618826e+00
3.550000000000000266e+00 3.534071869867589477e+00 3.217859946316206976e+00
3.600000000000000089e+00 3.585083218772929570e+00 3.265599240936166048e+00
3.650000000000000355e+00 3.637532026209562286e+00 3.316253067453326153e+00
3.700000000000000178e+00 3.682793540989734549e+00 3.368640855985275628e+00
3.750000000000000000e+00 3.734099753183544923e+00 3.422319892826111154e+00
3.800000000000000266e+00 3.785405965377355741e+00 3.467919404534201888e+00
3.850000000000000089e+00 3.835311576950933166e+00 3.517503339595426937e+00
3.900000000000000355e+00 3.888165821409212075e+00 3.567308631509604755e+00
3.950000000000000178e+00 3.934938510542794088e+00 3.617372173085559250e+00
4.000000000000000000e+00 3.986797591402486240e+00 3.667472607470338097e+00
4.049999999999999822e+00 4.035413176089006626e+00 3.716576936016835475e+00
4.100000000000000533e+00 4.087198541126580764e+00 3.768854046122308787e+00
4.150000000000000355e+00 4.137509589721805270e+00 3.817626339389376788e+00
4.200000000000000178e+00 4.186088316497266426e+00 3.869091807700692609e+00
4.250000000000000000e+00 4.234077316695787907e+00 3.916240817379447403e+00
4.299999999999999822e+00 4.285678392178068563e+00 3.967263571984860349e+00
4.350000000000000533e+00 4.340965258766226853e+00 4.018064969737321412e+00
4.400000000000000355e+00 4.385821336524752034e+00 4.067944047269149266e+00
4.450000000000000178e+00 4.437938422761855684e+00 4.120184264565797783e+00
4.500000000000000000e+00 4.484342532784849844e+00 4.167517738288678331e+00
4.549999999999999822e+00 4.537417924709481909e+00 4.216363817173397699e+00
4.600000000000000533e+00 4.586144083129178206e+00 4.265209896058116179e+00
4.650000000000000355e+00 4.636971142479224817e+00 4.318224862340096060e+00
4.700000000000000178e+00 4.684259842367628934e+00 4.366554441901260297e+00
4.750000000000000000e+00 4.735639770383557767e+00 4.413518987535888449e+00
4.800000000000000711e+00 4.786171966445134096e+00 4.469153343244465226e+00
4.850000000000000533e+00 4.839542221658235555e+00 4.519179992011594038e+00
4.900000000000000355e+00 4.885688326303818663e+00 4.567177536293331563e+00
4.950000000000000178e+00 4.933824758146574396e+00 4.614732366869165325e+00
5.000000000000000000e+00 4.987932171580851559e+00 4.666714334504035833e+00
