0.000000000000000000e+00 -2.437515330155683863e-02 -3.390911635601027985e-02
5.000000000000000278e-02 2.763135920237048959e-02 9.218577160784660260e-03
1.000000000000000056e-01 7.967472961735656833e-02 6.149568726625807141e-02
1.500000000000000222e-01 1.298383465683453364e-01 1.103786589598023671e-01
2.000000000000000111e-01 1.775693413894550987e-01 1.598888084033770751e-01
2.500000000000000000e-01 2.312344598910271720e-01 2.068533540380049218e-01
3.000000000000000444e-01 2.796657550222536037e-01 2.607168549229669230e-01
3.500000000000000333e-01 3.308982513939466852e-01 3.123667872784099409e-01
4.000000000000000222e-01 3.785555303929389326e-01 3.599954034718935159e-01
4.500000000000000111e-01 4.294194476540442729e-01 4.105754443714023094e-01
5.000000000000000000e-01 4.789196222059751151e-01 4.588312383149162899e-01
5.500000000000000444e-01 5.306312714214321824e-01 5.096695288762024267e-01
6.000000000000000888e-01 5.812740412161849779e-01 5.580728940550175876e-01
6.500000000000000222e-01 6.260195452415342476e-01 6.095752551751593140e-01
7.000000000000000666e-01 6.782840631228728157e-01 6.575727994568959511e-01
7.500000000000000000e-01 7.308434442926818875e-01 7.112518362977313657e-01
8.000000000000000444e-01 7.806016242220241708e-01 7.583639531676605872e-01
8.500000000000000888e-01 8.322764155264225083e-01 8.090915653024705056e-01
9.000000000000000222e-01 8.782750885277700315e-01 8.591919996872502407e-01
9.500000000000000666e-01 9.317927753851071859e-01 9.110263960868200117e-01
1.000000000000000000e+00 9.815509553144493582e-01 9.603889742950937336e-01
1.050000000000000044e+00 1.032451730486613650e+00 1.009345731606288821e+00
1.100000000000000089e+00 1.078266113932667247e+00 1.058302488917483464e+00
1.150000000000000133e+00 1.128835167905302361e+00 1.110358242170004894e+00
1.200000000000000178e+00 1.179109358589467416e+00 1.158023751172313487e+00
1.250000000000000000e+00 1.230673576160689509e+00 1.207570793424713740e+00
1.300000000000000044e+00 1.282127219998735024e+00 1.259110047353680706e+00
1.350000000000000089e+00 1.330558515129961261e+00 1.309431838591412989e+00
1.400000000000000133e+00 1.382343880167535843e+00 1.356396384226040031e+00
1.450000000000000178e+00 1.431106896498291370e+00 1.409116208037417328e+00
1.500000000000000000e+00 1.482929119446924737e+00 1.458036072539786954e+00
1.550000000000000044e+00 1.533424457597442503e+00 1.508357863777518348e+00
1.600000000000000089e+00 1.579828567620436441e+00 1.558347619735822587e+00
1.650000000000000133e+00 1.631798222213304950e+00 1.608226697267650662e+00
1.700000000000000178e+00 1.680892959743589321e+00 1.661130985123154158e+00
1.750000000000000000e+00 1.732715182692222688e+00 1.708944065360764153e+00
1.800000000000000044e+00 1.780925330357096659e+00 1.758122179524911122e+00
1.850000000000000089e+00 1.830241215353733519e+00 1.811284717042191961e+00
1.900000000000000133e+00 1.880736553504251285e+00 1.858470619529771772e+00
1.950000000000000178e+00 1.931711044498533036e+00 1.907390484032141398e+00
2.000000000000000000e+00 1.983901846557754256e+00 1.959852058181741574e+00
2.050000000000000266e+00 2.031927704667334300e+00 2.007480674375225593e+00
2.100000000000000089e+00 2.078368672601386802e+00 2.057728679995306287e+00
2.149999999999999911e+00 2.129785458528373976e+00 2.106906794159452367e+00
2.200000000000000178e+00 2.183340003296769805e+00 2.159663510779655571e+00
2.250000000000000000e+00 2.232434740827053954e+00 2.208841624943801651e+00
2.300000000000000266e+00 2.281713767912632029e+00 2.256175098666683088e+00
2.350000000000000089e+00 2.331324516197739172e+00 2.306681353948540902e+00
2.400000000000000355e+00 2.382557012569432420e+00 2.357888572598080490e+00
2.450000000000000178e+00 2.431209455167011591e+00 2.409686076188824799e+00
2.500000000000000000e+00 2.481815367050705490e+00 2.457314692382308596e+00
2.550000000000000266e+00 2.531352399513695062e+00 2.509370445634829583e+00
2.600000000000000089e+00 2.580742000332450381e+00 2.556851490593012421e+00
2.650000000000000355e+00 2.632490507458966622e+00 2.608464530139630533e+00
2.700000000000000178e+00 2.684202156674423634e+00 2.659007678230313143e+00
2.750000000000000000e+00 2.728542223678126710e+00 2.707079008129700703e+00
2.800000000000000266e+00 2.779922151694054655e+00 2.757917298690986119e+00
2.850000000000000089e+00 2.831633800909512111e+00 2.809604123855254265e+00
2.900000000000000355e+00 2.879917664396503429e+00 2.857490989710516072e+00
2.950000000000000178e+00 2.935057099340426134e+00 2.912719524522014769e+00
3.000000000000000000e+00 2.981055772341773658e+00 2.958577285891883513e+00
3.050000000000000266e+00 3.032325126624525691e+00 3.006574830173619262e+00
3.100000000000000089e+00 3.082378169842338256e+00 3.058261655337888740e+00
3.150000000000000355e+00 3.132762934259679444e+00 3.109395088369776960e+00
3.200000000000000178e+00 3.182668545833256868e+00 3.157392632651512265e+00
3.250000000000000000e+00 3.229920387810602644e+00 3.208747422536354144e+00
3.300000000000000266e+00 3.280489441783237758e+00 3.259622605906465687e+00
3.350000000000000089e+00 3.330579342912109109e+00 3.307878399849980333e+00
3.400000000000000355e+00 3.383323013637211663e+00 3.359011832881867665e+00
3.450000000000000178e+00 3.431717450857379337e+00 3.409739445016677362e+00
3.500000000000000000e+00 3.479264156123195395e+00 3.459175808842602340e+00
3.550000000000000266e+00 3.532966132535825921e+00 3.511120883668647608e+00
3.600000000000000089e+00 3.582540022909874722e+00 3.558306786156227641e+00
3.650000000000000355e+00 3.634509677502743230e+00 3.609181969526338740e+00
3.700000000000000178e+00 3.679992339749267760e+00 3.659356189528768066e+00
3.750000000000000000e+00 3.733030873762840596e+00 3.709641087957675776e+00
3.800000000000000266e+00 3.782973343247476805e+00 3.760331807283660677e+00
3.850000000000000089e+00 3.833026386465289370e+00 3.811981739639103584e+00
3.900000000000000355e+00 3.884148309103805818e+00 3.859278320553159780e+00
3.950000000000000178e+00 3.932395314679738796e+00 3.909895254261492425e+00
4.000000000000000000e+00 3.983074942385550266e+00 3.959921903028622570e+00
4.049999999999999822e+00 4.034897165334183633e+00 4.008583517869214852e+00
4.100000000000000533e+00 4.084286766152938064e+00 4.061598484151193844e+00
4.150000000000000355e+00 4.137693879277098752e+00 4.111440668874197790e+00
4.200000000000000178e+00 4.183323973167858867e+00 4.157741143949969853e+00
4.250000000000000000e+00 4.235514775227080086e+00 4.209427969114237555e+00
4.299999999999999822e+00 4.286378692488185038e+00 4.261520615175585114e+00
4.350000000000000533e+00 4.333114523710707822e+00 4.310735622148556878e+00
4.400000000000000355e+00 4.385121036214635559e+00 4.357995310253786947e+00
4.450000000000000178e+00 4.432667741480451618e+00 4.411157847771068674e+00
4.500000000000000000e+00 4.484379390695908185e+00 4.459339856096930177e+00
4.549999999999999822e+00 4.534432433913720750e+00 4.508333506216951392e+00
4.600000000000000533e+00 4.584485477131533315e+00 4.559134903969414232e+00
4.650000000000000355e+00 4.632363903596877996e+00 4.608755731839464076e+00
4.700000000000000178e+00 4.684407274011864075e+00 4.656495026459421815e+00
4.750000000000000000e+00 4.736008349494144731e+00 4.709952706447305459e+00
4.800000000000000711e+00 4.784697650002782687e+00 4.759389070273230438e+00
4.850000000000000533e+00 4.835156130242242334e+00 4.807017686466713791e+00
4.900000000000000355e+00 4.885061741815818870e+00 4.858852082866282451e+00
4.950000000000000178e+00 4.934819921745161153e+00 4.909063195677539682e+00
5.000000000000000000e+00 4.983546080164858338e+00 4.957983060179908641e+00
