0.000000000000000000e+00 -1.785130304415418964e-02 -3.855761026800014896e-02
5.000000000000000278e-02 3.304947212800997403e-02 -2.837519503221280423e-02
1.000000000000000056e-01 8.435568432182063980e-02 -2.132866854657736524e-02
1.500000000000000222e-01 1.316075262991663886e-01 -1.435592767859255291e-02
2.000000000000000111e-01 1.805179742741568616e-01 -2.660907280967238307e-03
2.500000000000000000e-01 2.308290228693807011e-01 1.146903849912896123e-02
3.000000000000000444e-01 2.829092511954255373e-01 3.227658267660744873e-02
3.500000000000000333e-01 3.326674311247677651e-01 5.382198303059225475e-02
4.000000000000000222e-01 3.779289459049398059e-01 9.023518534117962175e-02
4.500000000000000111e-01 4.309306220074539118e-01 1.291202058430631627e-01
5.000000000000000000e-01 4.789933380280926301e-01 1.752362168747087501e-01
5.500000000000000444e-01 5.320687299527243619e-01 2.248939375535846386e-01
6.000000000000000888e-01 5.828220734806534020e-01 2.728914818353213589e-01
6.500000000000000222e-01 6.316956635445850621e-01 3.205938836464555242e-01
7.000000000000000666e-01 6.815644172071035900e-01 3.711370317371390226e-01
7.500000000000000000e-01 7.330917768672670087e-01 4.234141418426125014e-01
8.000000000000000444e-01 7.823339460417864100e-01 4.713747933155237879e-01
8.500000000000000888e-01 8.317604047715997373e-01 5.197043728766884696e-01
9.000000000000000222e-01 8.816660163451770504e-01 5.687349158055340359e-01
9.500000000000000666e-01 9.305764643201677178e-01 6.169907097490477943e-01
1.000000000000000000e+00 9.823618293577424110e-01 6.715920668105161973e-01
1.050000000000000044e+00 1.035105500082845076e+00 7.220614292835489945e-01
1.100000000000000089e+00 1.081141030995251384e+00 7.687677252563996921e-01
1.150000000000000133e+00 1.129056315371655073e+00 8.187574812147037084e-01
1.200000000000000178e+00 1.182610860140050901e+00 8.680831666141516356e-01
1.250000000000000000e+00 1.232958766646333304e+00 9.196224205431189347e-01
1.300000000000000044e+00 1.284965279150260375e+00 9.701286758249770825e-01
1.350000000000000089e+00 1.332954279348781412e+00 1.021852393798070802e+00
1.400000000000000133e+00 1.382859890922358614e+00 1.070514008638662862e+00
1.450000000000000178e+00 1.432286349652172053e+00 1.117330983037989611e+00
1.500000000000000000e+00 1.483371414379629938e+00 1.168796451349306098e+00
1.550000000000000044e+00 1.532539867732031880e+00 1.217974565513453067e+00
1.600000000000000089e+00 1.580897447041140769e+00 1.267853643045280698e+00
1.650000000000000133e+00 1.631024206081070682e+00 1.315851187327017335e+00
1.700000000000000178e+00 1.680708670188295395e+00 1.365176872726465040e+00
1.750000000000000000e+00 1.737432995307745642e+00 1.415830699243624924e+00
1.800000000000000044e+00 1.785237705950972975e+00 1.467001025084338828e+00
1.850000000000000089e+00 1.830867799841732646e+00 1.515662639924931332e+00
1.900000000000000133e+00 1.881805432924955612e+00 1.565246574986156602e+00
1.950000000000000178e+00 1.934585961561117173e+00 1.617560577900455598e+00
2.000000000000000000e+00 1.987329632286219949e+00 1.669099831829422564e+00
2.050000000000000266e+00 2.032296283777921708e+00 1.716617769596429977e+00
2.100000000000000089e+00 2.083123343127968319e+00 1.768525951613650005e+00
2.149999999999999911e+00 2.135166713542954398e+00 1.817445816116019408e+00
2.200000000000000178e+00 2.184040303606886280e+00 1.869501569368541061e+00
2.250000000000000000e+00 2.233761625625169778e+00 1.920671895209255631e+00
2.300000000000000266e+00 2.282008631201102311e+00 1.968964581961594851e+00
2.350000000000000089e+00 2.332946264284325277e+00 2.017773768037488313e+00
2.400000000000000355e+00 2.383589034079077962e+00 2.067984880848744211e+00
2.450000000000000178e+00 2.434342377607007002e+00 2.118085315233523946e+00
2.500000000000000000e+00 2.484063699625290500e+00 2.169809033206617777e+00
2.550000000000000266e+00 2.532052699823811981e+00 2.216921150076546443e+00
2.600000000000000089e+00 2.583506343661857940e+00 2.268128368726086030e+00
2.650000000000000355e+00 2.634259687189787869e+00 2.319114230522673292e+00
2.700000000000000178e+00 2.684976172806658123e+00 2.367738952554440335e+00
2.750000000000000000e+00 2.731748861940239692e+00 2.416179210542080735e+00
2.800000000000000266e+00 2.783865948177343341e+00 2.468493213456380175e+00
2.850000000000000089e+00 2.833882133484097121e+00 2.514350974826247587e+00
2.900000000000000355e+00 2.883087444747557626e+00 2.568915439078891083e+00
2.950000000000000178e+00 2.935536252184190342e+00 2.618646945375417534e+00
3.000000000000000000e+00 2.981829788474008147e+00 2.666865846510105165e+00
3.050000000000000266e+00 3.034462885465934345e+00 2.716449781571331989e+00
3.100000000000000089e+00 3.082009590731750404e+00 2.769981247176865669e+00
3.150000000000000355e+00 3.135748425055440158e+00 2.818015684267427545e+00
3.200000000000000178e+00 3.185322315429488516e+00 2.868853974828713405e+00
3.250000000000000000e+00 3.232500441584716722e+00 2.918032088992859929e+00
3.300000000000000266e+00 3.282922063913116695e+00 2.966472346980500330e+00
3.350000000000000089e+00 3.333896554907398446e+00 3.017199959115310914e+00
3.400000000000000355e+00 3.385755635767090599e+00 3.067927571250121943e+00
3.450000000000000178e+00 3.434776657475257622e+00 3.114412510370019760e+00
3.500000000000000000e+00 3.483687105450247845e+00 3.166874084519619270e+00
3.550000000000000266e+00 3.534772170177705952e+00 3.216790054860272807e+00
3.600000000000000089e+00 3.585672945349870133e+00 3.263939064539028045e+00
3.650000000000000355e+00 3.637900605320150138e+00 3.315330747232692943e+00
3.700000000000000178e+00 3.685299878941731055e+00 3.367349607676388690e+00
3.750000000000000000e+00 3.734542048116250346e+00 3.417007328355265550e+00
3.800000000000000266e+00 3.785442823288414527e+00 3.466775727460617684e+00
3.850000000000000089e+00 3.836048735172108426e+00 3.516285876904191809e+00
3.900000000000000355e+00 3.889197842918857617e+00 3.567493095553730509e+00
3.950000000000000178e+00 3.933279904545149197e+00 3.618110029262065375e+00
4.000000000000000000e+00 3.984328111361548519e+00 3.663894005014282751e+00
4.049999999999999822e+00 4.034639159956772581e+00 3.717314792193342488e+00
4.100000000000000533e+00 4.086645672460699430e+00 3.764021088166192186e+00
4.150000000000000355e+00 4.135924699546277949e+00 3.817478768154075386e+00
4.200000000000000178e+00 4.184945721254444528e+00 3.865771454906414828e+00
4.250000000000000000e+00 4.234077316695787907e+00 3.913916570423452868e+00
4.299999999999999822e+00 4.286673555776655320e+00 3.966673287043654739e+00
4.350000000000000533e+00 4.335915724951174610e+00 4.015445580310723628e+00
4.400000000000000355e+00 4.386226773546398228e+00 4.068239189739752071e+00
4.450000000000000178e+00 4.438196428139266736e+00 4.118081374462754241e+00
4.500000000000000000e+00 4.488618050467667153e+00 4.168034237612233461e+00
4.549999999999999822e+00 4.536164755733483211e+00 4.214556069540957850e+00
4.600000000000000533e+00 4.587360394194117674e+00 4.268862284131823337e+00
4.650000000000000355e+00 4.634575378260404221e+00 4.314830723928167799e+00
4.700000000000000178e+00 4.684444131922923305e+00 4.363639910004060596e+00
4.750000000000000000e+00 4.736008349494144731e+00 4.414330629330045497e+00
4.800000000000000711e+00 4.785729671512428673e+00 4.467124238759073940e+00
4.850000000000000533e+00 4.838031047304825805e+00 4.516486816967346662e+00
4.900000000000000355e+00 4.885319747193230810e+00 4.565259110234414663e+00
4.950000000000000178e+00 4.936220522365394991e+00 4.615175080575068201e+00
5.000000000000000000e+00 4.988485040246733782e+00 4.665533764621625501e+00
