0.000000000000000000e+00 -2.249539983755946548e-02 -3.623336331200521093e-02
5.000000000000000278e-02 3.150143986354154990e-02 1.036225423436947131e-02
1.000000000000000056e-01 7.937986632888638372e-02 5.928211873673908811e-02
1.500000000000000222e-01 1.317549579434014739e-01 1.132194052393517142e-01
2.000000000000000111e-01 1.791173736539235228e-01 1.568267052708758047e-01
2.500000000000000000e-01 2.276961004293850399e-01 2.120921328911998804e-01
3.000000000000000444e-01 2.787811651568430915e-01 2.598314275111593408e-01
3.500000000000000333e-01 3.304928143723002143e-01 3.134366787343441096e-01
4.000000000000000222e-01 3.780763775491748913e-01 3.594420113395136451e-01
4.500000000000000111e-01 4.307463324521600412e-01 4.087308039301366103e-01
5.000000000000000000e-01 4.817208234464417926e-01 4.606389859473567494e-01
5.500000000000000444e-01 5.280143597362593200e-01 5.084151733761416159e-01
6.000000000000000888e-01 5.838172370792402699e-01 5.594379279815542283e-01
6.500000000000000222e-01 6.283415936382368283e-01 6.107189322487441840e-01
7.000000000000000666e-01 6.785052105892255270e-01 6.581999772069264676e-01
7.500000000000000000e-01 7.286319696291555514e-01 7.128382270772199991e-01
8.000000000000000444e-01 7.801593292893188591e-01 7.580688106970578932e-01
8.500000000000000888e-01 8.294383563748970456e-01 8.079847810377114303e-01
9.000000000000000222e-01 8.818871638115296507e-01 8.614424610255948522e-01
9.500000000000000666e-01 9.299867377432273763e-01 9.090341844102529656e-01
1.000000000000000000e+00 9.832095613120941380e-01 9.595404396921112244e-01
1.050000000000000044e+00 1.033704899462611904e+00 1.012038906650536640e+00
1.100000000000000089e+00 1.080735593973604969e+00 1.060516057447002503e+00
1.150000000000000133e+00 1.130678063458240956e+00 1.110358242170004894e+00
1.200000000000000178e+00 1.178519632012527074e+00 1.157544144657584706e+00
1.250000000000000000e+00 1.230304997050101878e+00 1.211776573630799714e+00
1.300000000000000044e+00 1.283638394352144774e+00 1.258778012074252661e+00
1.350000000000000089e+00 1.330779662596313750e+00 1.311165800606202358e+00
1.400000000000000133e+00 1.381201284924713946e+00 1.359790522637968957e+00
1.450000000000000178e+00 1.430812033209821088e+00 1.407788066919706260e+00
1.500000000000000000e+00 1.482818545713748382e+00 1.460360319495782377e+00
1.550000000000000044e+00 1.530254677246388084e+00 1.512084037468875986e+00
1.600000000000000089e+00 1.582298047661374163e+00 1.558790333441726128e+00
1.650000000000000133e+00 1.631024206081070682e+00 1.610735408267772284e+00
1.700000000000000178e+00 1.681003533476765677e+00 1.660208664902521170e+00
1.750000000000000000e+00 1.732088598204223562e+00 1.710345992096126810e+00
1.800000000000000044e+00 1.783910821152857151e+00 1.756941609642501012e+00
1.850000000000000089e+00 1.828914330555617695e+00 1.807521650542009528e+00
1.900000000000000133e+00 1.881252564259074056e+00 1.858913333235675536e+00
1.950000000000000178e+00 1.931158175832651480e+00 1.911928299517655416e+00
2.000000000000000000e+00 1.982316956382226936e+00 1.960995735255326666e+00
2.050000000000000266e+00 2.030232240758630624e+00 2.009435993242966845e+00
2.100000000000000089e+00 2.080653863087030597e+00 2.061196604024885914e+00
2.149999999999999911e+00 2.128458573730258152e+00 2.108419399321290744e+00
2.200000000000000178e+00 2.183229429563593449e+00 2.159811082014956973e+00
2.250000000000000000e+00 2.231881872161172176e+00 2.211350335943923717e+00
2.300000000000000266e+00 2.281750625823690815e+00 2.261635234372830094e+00
2.350000000000000089e+00 2.332282821885267587e+00 2.310702670110500456e+00
2.400000000000000355e+00 2.381340701504492952e+00 2.358183715068683295e+00
2.450000000000000178e+00 2.429735138724660626e+00 2.410903538880059926e+00
2.500000000000000000e+00 2.483437115137291595e+00 2.461151544500141508e+00
2.550000000000000266e+00 2.530136088448755594e+00 2.509112195973052906e+00
2.600000000000000089e+00 2.581700306019978353e+00 2.561167949225574780e+00
2.650000000000000355e+00 2.635512856165786122e+00 2.611157705183877908e+00
2.700000000000000178e+00 2.685492183561480672e+00 2.661811531701037126e+00
2.750000000000000000e+00 2.730274545497888727e+00 2.709809075982774207e+00
2.800000000000000266e+00 2.781507041869581975e+00 2.757400799367432320e+00
2.850000000000000089e+00 2.828058583536811277e+00 2.808608018016972352e+00
2.900000000000000355e+00 2.879917664396503429e+00 2.857896810607594595e+00
2.950000000000000178e+00 2.935794257561601839e+00 2.909841885433640307e+00
3.000000000000000000e+00 2.981903504296125718e+00 2.960385033524323362e+00
3.050000000000000266e+00 3.031440536759115290e+00 3.011776716217990035e+00
3.100000000000000089e+00 3.081383006243751055e+00 3.060585902293882388e+00
3.150000000000000355e+00 3.134605829812618261e+00 3.110243622972758804e+00
3.200000000000000178e+00 3.183221414499138202e+00 3.160749878254617062e+00
3.250000000000000000e+00 3.231394704252953609e+00 3.209780421183462185e+00
3.300000000000000266e+00 3.283069495557351836e+00 3.260323569274146127e+00
3.350000000000000089e+00 3.332680243842458978e+00 3.309169648158865940e+00
3.400000000000000355e+00 3.383507303192505589e+00 3.359786581867199917e+00
3.450000000000000178e+00 3.429579692015970682e+00 3.407083162781255226e+00
3.500000000000000000e+00 3.481623062430956761e+00 3.461131127710344035e+00
3.550000000000000266e+00 3.533445285379590128e+00 3.509350028845032998e+00
3.600000000000000089e+00 3.581876580510816588e+00 3.560520354685746902e+00
3.650000000000000355e+00 3.631745334173335227e+00 3.608259649305705974e+00
3.700000000000000178e+00 3.681024361258913302e+00 3.660167831322926446e+00
3.750000000000000000e+00 3.733362594962369663e+00 3.710268265707706625e+00
3.800000000000000266e+00 3.780946158139244506e+00 3.758044453136490493e+00
3.850000000000000089e+00 3.834500702907639891e+00 3.810690491330217089e+00
3.900000000000000355e+00 3.884369456570158530e+00 3.859093856509032694e+00
3.950000000000000178e+00 3.932321598857621225e+00 3.910301075158571837e+00
4.000000000000000000e+00 3.981047757277317523e+00 3.957302513602024785e+00
4.049999999999999822e+00 4.033017411870186031e+00 4.008140804163311088e+00
4.100000000000000533e+00 4.086019087972700525e+00 4.060270343033483442e+00
4.150000000000000355e+00 4.133492077416399013e+00 4.110997955168293139e+00
4.200000000000000178e+00 4.181997088369742599e+00 4.156560574067559521e+00
4.250000000000000000e+00 4.234261606251081389e+00 4.208616327320080508e+00
4.299999999999999822e+00 4.282766617204425863e+00 4.259639081925493898e+00
4.350000000000000533e+00 4.334957419263647083e+00 4.310292908442653115e+00
4.400000000000000355e+00 4.385305325769929041e+00 4.360171985974480968e+00
4.450000000000000178e+00 4.433441757612685663e+00 4.409054957668025132e+00
4.500000000000000000e+00 4.482536495142969812e+00 4.460077712273437633e+00
4.549999999999999822e+00 4.533068691204546141e+00 4.505751009599179291e+00
4.600000000000000533e+00 4.584338045487298174e+00 4.558101905322303971e+00
4.650000000000000355e+00 4.632327045685819655e+00 4.605804307133436915e+00
4.700000000000000178e+00 4.682527520547867361e+00 4.657011525782977834e+00
4.750000000000000000e+00 4.731474826433916370e+00 4.709177957461974984e+00
4.800000000000000711e+00 4.783518196848902448e+00 4.759352177464405642e+00
4.850000000000000533e+00 4.835008698598007193e+00 4.808013792304997480e+00
4.900000000000000355e+00 4.882960840885469445e+00 4.857782191410349171e+00
4.950000000000000178e+00 4.932129294237871164e+00 4.908915624442237835e+00
5.000000000000000000e+00 4.983804085542269391e+00 4.959016058827017126e+00
