0.000000000000000000e+00 -2.087365175097349868e-02 -3.781975409149381656e-02
5.000000000000000278e-02 3.164887150777664221e-02 -3.357708107658242958e-02
1.000000000000000056e-01 8.048560366064955174e-02 -3.431493725308875503e-02
1.500000000000000222e-01 1.313495209217549753e-01 -3.269165366477482654e-02
2.000000000000000111e-01 1.800756793414515777e-01 -3.095769164998495721e-02
2.500000000000000000e-01 2.299444330039701334e-01 -2.962955053227356653e-02
3.000000000000000444e-01 2.823195246184851959e-01 -2.929751525284571972e-02
3.500000000000000333e-01 3.335888789012370625e-01 -2.863344469399002959e-02
4.000000000000000222e-01 3.808775787896415688e-01 -2.575580560561533533e-02
4.500000000000000111e-01 4.304883270747486557e-01 -2.594026964974192190e-02
5.000000000000000000e-01 4.809468073142075806e-01 -2.453834291437989590e-02
5.500000000000000444e-01 5.332850410176637190e-01 -2.387427235552419882e-02
6.000000000000000888e-01 5.826746418364182611e-01 -2.261991685546344347e-02
6.500000000000000222e-01 6.316588056335262769e-01 -1.896752878175710783e-02
7.000000000000000666e-01 6.831861652936895846e-01 -2.003742023769129049e-02
7.500000000000000000e-01 7.325389082013854525e-01 -1.597921126690647620e-02
8.000000000000000444e-01 7.842874153279013605e-01 -1.738113800226849873e-02
8.500000000000000888e-01 8.321289838821874785e-01 -1.520446228157483134e-02
9.000000000000000222e-01 8.831771906985866893e-01 -1.465107014919508378e-02
9.500000000000000666e-01 9.316453437408720450e-01 -1.549960475217736049e-02
1.000000000000000000e+00 9.837624299779756942e-01 -1.291710813440520925e-02
1.050000000000000044e+00 1.033741757373670689e+00 -9.227827251873568087e-03
1.100000000000000089e+00 1.081067315173133814e+00 -1.066664679606090654e-02
1.150000000000000133e+00 1.128835167905302361e+00 -8.748220737144455847e-03
1.200000000000000178e+00 1.182021133563110560e+00 -9.117148825397620310e-03
1.250000000000000000e+00 1.234506798910801839e+00 -5.981260075245718906e-03
1.300000000000000044e+00 1.285075852883436731e+00 -4.431762104582429203e-03
1.350000000000000089e+00 1.332253979038664715e+00 -3.177406604521668641e-03
1.400000000000000133e+00 1.381238142835772731e+00 -7.793740308760994159e-04
1.450000000000000178e+00 1.429890585433351902e+00 -1.258980545605213391e-03
1.500000000000000000e+00 1.481823382115161625e+00 -1.849265486810276445e-03
1.550000000000000044e+00 1.532650441465208235e+00 4.011958515340272881e-04
1.600000000000000089e+00 1.580971162863258339e+00 2.504085954577065041e-03
1.650000000000000133e+00 1.629807895016131214e+00 5.861331557680861566e-03
1.700000000000000178e+00 1.682514707830175205e+00 4.570083248794786814e-03
1.750000000000000000e+00 1.731867450737871073e+00 4.311833587017571863e-03
1.800000000000000044e+00 1.781736204400389489e+00 6.267152454759344557e-03
1.850000000000000089e+00 1.829098620110911622e+00 8.997220307832761235e-03
1.900000000000000133e+00 1.881178848436956486e+00 9.292362778435293846e-03
1.950000000000000178e+00 1.930826454633122413e+00 1.224378748446060781e-02
2.000000000000000000e+00 1.985081299711634939e+00 1.357192860217200370e-02
2.050000000000000266e+00 2.030821967335570744e+00 1.442046320515427520e-02
2.100000000000000089e+00 2.081833316240911280e+00 1.430978477867833089e-02
2.149999999999999911e+00 2.128495431641316937e+00 1.689228139645047866e-02
2.200000000000000178e+00 2.182860850453005597e+00 2.135631126431377161e-02
2.250000000000000000e+00 2.233724767714110993e+00 2.183591777904289252e-02
2.300000000000000266e+00 2.279391719515929449e+00 2.183591777904288211e-02
2.350000000000000089e+00 2.331656237397268239e+00 2.235241710259731895e-02
2.400000000000000355e+00 2.380640401194376476e+00 2.534073461744794711e-02
2.450000000000000178e+00 2.432315192498774703e+00 2.530384180862263813e-02
2.500000000000000000e+00 2.481557361673293993e+00 2.770187438226820800e-02
2.550000000000000266e+00 2.532826715956046026e+00 2.950962201470871613e-02
2.600000000000000089e+00 2.580815716154567951e+00 3.294065323546314927e-02
2.650000000000000355e+00 2.632416791636849052e+00 3.190765458835428253e-02
2.700000000000000178e+00 2.682912129787367039e+00 3.098533436772137398e-02
2.750000000000000000e+00 2.729463671454595897e+00 3.733089748567579302e-02
2.800000000000000266e+00 2.781765047246993472e+00 3.777361119157959801e-02
2.850000000000000089e+00 2.830933500599395192e+00 3.803186085335681643e-02
2.900000000000000355e+00 2.883345450124969123e+00 3.821632489748339606e-02
2.950000000000000178e+00 2.932919340499017480e+00 4.334442532420237915e-02
3.000000000000000000e+00 2.980650335320127464e+00 4.327063970655174729e-02
3.050000000000000266e+00 3.029487067473000117e+00 4.544731542724542162e-02
3.100000000000000089e+00 3.083078470152454731e+00 4.699681339790872520e-02
3.150000000000000355e+00 3.133389518747678348e+00 4.932106035390364934e-02
3.200000000000000178e+00 3.181783955967846023e+00 5.153462888342263959e-02
3.250000000000000000e+00 3.231468420075070735e+00 5.289966280995934966e-02
3.300000000000000266e+00 3.283290643023704547e+00 5.182977135402517394e-02
3.350000000000000089e+00 3.330173905890462471e+00 5.644137245718971324e-02
3.400000000000000355e+00 3.382807002882388669e+00 5.607244436893656786e-02
3.450000000000000178e+00 3.431864882501614478e+00 5.972483244264289309e-02
3.500000000000000000e+00 3.480922762120839842e+00 6.101608075152897132e-02
3.550000000000000266e+00 3.532450121781003372e+00 6.123743760448085299e-02
3.600000000000000089e+00 3.582318875443522010e+00 6.477914725171124433e-02
3.650000000000000355e+00 3.633440798082038903e+00 6.584903870764542699e-02
3.700000000000000178e+00 3.681982666946441274e+00 6.677135892827831820e-02
3.750000000000000000e+00 3.731114262387784652e+00 6.865289217836946511e-02
3.800000000000000266e+00 3.778329246454071644e+00 6.924317711957451993e-02
3.850000000000000089e+00 3.831072917179174198e+00 7.138296003144288526e-02
3.900000000000000355e+00 3.884074593281688692e+00 7.507224091397451948e-02
3.950000000000000178e+00 3.929483539706095652e+00 7.621591798755933400e-02
4.000000000000000000e+00 3.982780079097079984e+00 7.839259370825302220e-02
4.049999999999999822e+00 4.033496564713950683e+00 8.023723414951883237e-02
4.100000000000000533e+00 4.086498240816464289e+00 8.226633863491121523e-02
4.150000000000000355e+00 4.133528935327457354e+00 8.547601300271376323e-02
4.200000000000000178e+00 4.181554793437037176e+00 8.654590445864794590e-02
4.250000000000000000e+00 4.232013273676496823e+00 9.134196960593911341e-02
4.299999999999999822e+00 4.283651207069835820e+00 9.104682713533655825e-02
4.350000000000000533e+00 4.333372529088119762e+00 9.318661004720492358e-02
4.400000000000000355e+00 4.382725271995814964e+00 9.569532104732643429e-02
4.450000000000000178e+00 4.433589189256920804e+00 9.676521250326061696e-02
4.500000000000000000e+00 4.482905074253557665e+00 1.013030279887745244e-01
4.549999999999999822e+00 4.531668090584313191e+00 1.039224174153719898e-01
4.600000000000000533e+00 4.583048018600241136e+00 1.056932722389871682e-01
4.650000000000000355e+00 4.631258166265115328e+00 1.066155924596200871e-01
4.700000000000000178e+00 4.679836893040576484e+00 1.108951582833568039e-01
4.750000000000000000e+00 4.731917121366621792e+00 1.129242627687492007e-01
4.800000000000000711e+00 4.780090411120436755e+00 1.132194052393517419e-01
4.850000000000000533e+00 4.833866103355185295e+00 1.193805043131795779e-01
4.900000000000000355e+00 4.879938492178649945e+00 1.208931094750175517e-01
4.950000000000000178e+00 4.931686999305165742e+00 1.230328923868859031e-01
5.000000000000000000e+00 4.983177501054270486e+00 1.239183197986934992e-01
