0.000000000000000000e+00 -1.976791441921033760e-02 -3.770907566501787572e-02
5.000000000000000278e-02 2.973226013272049426e-02 -3.992264419453685903e-02
1.000000000000000056e-01 8.048560366064955174e-02 -3.387222354718495698e-02
1.500000000000000222e-01 1.313126630106962178e-01 -3.438872287073938688e-02
2.000000000000000111e-01 1.787119366322770242e-01 -3.416736601778749133e-02
2.500000000000000000e-01 2.269958001192683705e-01 -3.188001187061787617e-02
3.000000000000000444e-01 2.817297980415448544e-01 -2.531309189971154769e-02
3.500000000000000333e-01 3.331097260574730212e-01 -2.771112447335711756e-02
4.000000000000000222e-01 3.812830158112880397e-01 -2.926062244402040380e-02
4.500000000000000111e-01 4.326998017382749917e-01 -2.896547997341787292e-02
5.000000000000000000e-01 4.797304962492680569e-01 -2.494416381145838149e-02
5.500000000000000444e-01 5.332113251955462596e-01 -2.671501863507356675e-02
6.000000000000000888e-01 5.833749421465349583e-01 -2.435387887025331974e-02
6.500000000000000222e-01 6.315482319003500322e-01 -2.391116516434951822e-02
7.000000000000000666e-01 6.813801276518096639e-01 -2.180827506130647575e-02
7.500000000000000000e-01 7.324283344682090968e-01 -2.221409595838495787e-02
8.000000000000000444e-01 7.851351472822530875e-01 -1.948402810531153773e-02
8.500000000000000888e-01 8.346353218341839852e-01 -2.265680966428876286e-02
9.000000000000000222e-01 8.803759894581200118e-01 -1.775006609052166492e-02
9.500000000000000666e-01 9.313136225413430891e-01 -1.760249485522039775e-02
1.000000000000000000e+00 9.846470198433860954e-01 -1.660638901693685388e-02
1.050000000000000044e+00 1.034184052306375889e+00 -1.549960475217736222e-02
1.100000000000000089e+00 1.080661878151487398e+00 -1.391321397268875659e-02
1.150000000000000133e+00 1.129904047326006911e+00 -1.406078520799002030e-02
1.200000000000000178e+00 1.181910559829934204e+00 -1.387632116386343720e-02
1.250000000000000000e+00 1.234248793533390343e+00 -1.361807150208622051e-02
1.300000000000000044e+00 1.284965279150260375e+00 -1.051907556075964284e-02
1.350000000000000089e+00 1.332253979038664715e+00 -1.273264409027862788e-02
1.400000000000000133e+00 1.382454453900712199e+00 -1.055596836958495530e-02
1.450000000000000178e+00 1.431254328142526289e+00 -9.190934443048252162e-03
1.500000000000000000e+00 1.483039693180101093e+00 -9.154041634222936236e-03
1.550000000000000044e+00 1.533903610441206489e+00 -9.227827251873568087e-03
1.600000000000000089e+00 1.584398948591724032e+00 -4.062834016329264740e-03
1.650000000000000133e+00 1.631134779814247038e+00 -6.534652207625465600e-03
1.700000000000000178e+00 1.681187823032059381e+00 -4.505547722233061055e-03
1.750000000000000000e+00 1.731793734915753502e+00 -4.468654913407745129e-03
1.800000000000000044e+00 1.781441341111919430e+00 -1.738587060334327366e-03
1.850000000000000089e+00 1.827440014113266953e+00 -1.148302119129264096e-03
1.900000000000000133e+00 1.880552263948957359e+00 -2.660907280967239174e-03
1.950000000000000178e+00 1.930236728056182072e+00 8.070167486125079479e-04
2.000000000000000000e+00 1.985302447177987428e+00 2.688549998703647706e-03
2.050000000000000266e+00 2.032001420489451871e+00 2.024479439847950632e-03
2.100000000000000089e+00 2.082091321618322777e+00 3.020585278131496243e-03
2.149999999999999911e+00 2.132254938569311697e+00 5.603081895903648350e-03
2.200000000000000178e+00 2.185146040938649392e+00 5.824438748855545640e-03
2.250000000000000000e+00 2.232692746204465450e+00 6.488509307711243582e-03
2.300000000000000266e+00 2.278949424583224470e+00 7.410829528344153871e-03
2.350000000000000089e+00 2.329555336466918369e+00 1.006711176376693696e-02
2.400000000000000355e+00 2.380898406571787529e+00 9.476826822561875210e-03
2.450000000000000178e+00 2.434858388361829995e+00 1.279717961684035191e-02
2.500000000000000000e+00 2.483768836336820218e+00 1.394085669042515949e-02
2.550000000000000266e+00 2.530320378004049520e+00 1.379328545512389925e-02
2.600000000000000089e+00 2.579746836733863180e+00 1.386707107277453110e-02
2.650000000000000355e+00 2.630094743240146471e+00 1.549035466108845266e-02
2.700000000000000178e+00 2.684865599073481768e+00 1.718742386705300954e-02
2.750000000000000000e+00 2.730679982519535365e+00 1.788838723473402254e-02
2.800000000000000266e+00 2.779922151694054655e+00 1.825731532298718873e-02
2.850000000000000089e+00 2.832739538241275223e+00 1.781460161708339068e-02
2.900000000000000355e+00 2.880544248884502334e+00 1.593306836699225071e-02
2.950000000000000178e+00 2.932771908854782339e+00 2.117184722018718851e-02
3.000000000000000000e+00 2.980539761586951109e+00 2.430773597033909772e-02
3.050000000000000266e+00 3.029265920006647406e+00 2.493491372036946846e-02
3.100000000000000089e+00 3.081862159087515263e+00 2.238930991142263835e-02
3.150000000000000355e+00 3.133721239947207415e+00 2.755430314696694083e-02
3.200000000000000178e+00 3.182299966722669016e+00 2.751741033814162490e-02
3.250000000000000000e+00 3.228224923901898968e+00 2.570966270570111678e-02
3.300000000000000266e+00 3.282700916446763983e+00 2.707469663223781992e-02
3.350000000000000089e+00 3.332201090998694770e+00 2.921447954410618178e-02
3.400000000000000355e+00 3.383654734836740730e+00 2.943583639705808080e-02
3.450000000000000178e+00 3.430537997703498654e+00 3.061640627946820431e-02
3.500000000000000000e+00 3.482433936474249592e+00 3.286686761781250354e-02
3.550000000000000266e+00 3.531381242360299044e+00 3.212901144130618503e-02
3.600000000000000089e+00 3.582945459931520915e+00 3.190765458835428253e-02
3.650000000000000355e+00 3.631745334173335227e+00 3.463772244142769574e-02
3.700000000000000178e+00 3.681908951124323703e+00 3.508043614733150073e-02
3.750000000000000000e+00 3.730303388344491378e+00 3.600275636796441275e-02
3.800000000000000266e+00 3.780503863206539084e+00 3.884350264751377374e-02
3.850000000000000089e+00 3.832620949443642733e+00 4.013475095639985196e-02
3.900000000000000355e+00 3.882194839817691090e+00 3.858525298573656226e-02
3.950000000000000178e+00 3.931437008992210380e+00 4.231142667709352628e-02
4.000000000000000000e+00 3.981600625943199301e+00 4.197939139766566213e-02
4.049999999999999822e+00 4.032722548581715749e+00 4.264346195652137655e-02
4.100000000000000533e+00 4.084913350640936969e+00 4.474635205956440515e-02
4.150000000000000355e+00 4.135150683414043904e+00 4.603760036845046949e-02
4.200000000000000178e+00 4.182844820324094215e+00 4.684924216260744761e-02
4.250000000000000000e+00 4.232234421142848646e+00 4.843563294209604631e-02
4.299999999999999822e+00 4.283282627959247968e+00 4.507838733899225542e-02
4.350000000000000533e+00 4.337095178105055737e+00 4.983755967745807924e-02
4.400000000000000355e+00 4.381914397952522577e+00 5.142395045694669181e-02
4.450000000000000178e+00 4.433294325968450522e+00 5.323169808938719993e-02
4.500000000000000000e+00 4.480288162568385246e+00 5.363751898646566818e-02
4.549999999999999822e+00 4.533547844048310793e+00 5.374819741294161596e-02
4.600000000000000533e+00 4.582347718290124661e+00 5.728990706017199341e-02
4.650000000000000355e+00 4.629562702356411208e+00 5.559283785420744695e-02
4.700000000000000178e+00 4.681016346194457611e+00 5.909765469261251541e-02
4.750000000000000000e+00 4.732175126744032845e+00 5.965104682499225430e-02
4.800000000000000711e+00 4.782228169961845410e+00 6.186461535451123761e-02
4.850000000000000533e+00 4.833644955888832584e+00 5.850736975140744672e-02
4.900000000000000355e+00 4.881302234887824554e+00 6.027822457502263198e-02
4.950000000000000178e+00 4.929770387930109798e+00 6.230732906041504954e-02
5.000000000000000000e+00 4.983066927321093686e+00 6.463157601640996675e-02
