0.000000000000000000e+00 -1.950990904179893126e-02 -3.789353970914444841e-02
5.000000000000000278e-02 3.080113955342488399e-02 3.643030427087105491e-04
1.000000000000000056e-01 8.254964667994081629e-02 4.614827879492643808e-02
1.500000000000000222e-01 1.306123627005795484e-01 9.979042282693656452e-02
2.000000000000000111e-01 1.794122369423936936e-01 1.429550091525567945e-01
2.500000000000000000e-01 2.281383953620903515e-01 1.962282250963137964e-01
3.000000000000000444e-01 2.816560822194272840e-01 2.452956608339846578e-01
3.500000000000000333e-01 3.322988520141800239e-01 2.966504507188251760e-01
4.000000000000000222e-01 3.822781794098749075e-01 3.451276015152910381e-01
4.500000000000000111e-01 4.288297210771039314e-01 3.966668554442579486e-01
5.000000000000000000e-01 4.806150861146786246e-01 4.445537212995189225e-01
5.500000000000000444e-01 5.327321723517821628e-01 4.949492981549011850e-01
6.000000000000000888e-01 5.832275105022998174e-01 5.452341965838073401e-01
6.500000000000000222e-01 6.297053363474114374e-01 5.952239525421112454e-01
7.000000000000000666e-01 6.811958380965158488e-01 6.415244276178833083e-01
7.500000000000000000e-01 7.323914765571503116e-01 6.965316055764302350e-01
8.000000000000000444e-01 7.841399836836662196e-01 7.456728269317517421e-01
8.500000000000000888e-01 8.305440937066602691e-01 7.946295842429466072e-01
9.000000000000000222e-01 8.801179840807086263e-01 8.472756224366732036e-01
9.500000000000000666e-01 9.303553168538150064e-01 8.943139536889515018e-01
1.000000000000000000e+00 9.807032233600976312e-01 9.441561384119541156e-01
1.050000000000000044e+00 1.032525446308731221e+00 9.973186759292353987e-01
1.100000000000000089e+00 1.082504773704425993e+00 1.046201647622779562e+00
1.150000000000000133e+00 1.131194074213063727e+00 1.094383655948642842e+00
1.200000000000000178e+00 1.182758291784285820e+00 1.145959802686435491e+00
1.250000000000000000e+00 1.233622209045391216e+00 1.196170915497691167e+00
1.300000000000000044e+00 1.284006973462732404e+00 1.244537387867681089e+00
1.350000000000000089e+00 1.331221957529019173e+00 1.294600929443635140e+00
1.400000000000000133e+00 1.382565027633888555e+00 1.344996506299017680e+00
1.450000000000000178e+00 1.429337716767470123e+00 1.393399871477832397e+00
1.500000000000000000e+00 1.484993162466216043e+00 1.442983806539057889e+00
1.550000000000000044e+00 1.533977326263324059e+00 1.492973562497361684e+00
1.600000000000000089e+00 1.580418294197376783e+00 1.544217673955726511e+00
1.650000000000000133e+00 1.631945653857540091e+00 1.594834607664060711e+00
1.700000000000000178e+00 1.682514707830175205e+00 1.647001039343058082e+00
1.750000000000000000e+00 1.735295236466336766e+00 1.694851012389493317e+00
1.800000000000000044e+00 1.780777898712861518e+00 1.743733984083037480e+00
1.850000000000000089e+00 1.831862963440319625e+00 1.796158665423812861e+00
1.900000000000000133e+00 1.880994558881662559e+00 1.844857173073230161e+00
1.950000000000000178e+00 1.932300771075473378e+00 1.896396427002197571e+00
2.000000000000000000e+00 1.986039605399162911e+00 1.947972573739989555e+00
2.050000000000000266e+00 2.031485409734628877e+00 1.997814758462991946e+00
2.100000000000000089e+00 2.080580147264913027e+00 2.045775409935903344e+00
2.149999999999999911e+00 2.130264611372137740e+00 2.098163198467853263e+00
2.200000000000000178e+00 2.185809483337707526e+00 2.148152954426156391e+00
2.250000000000000000e+00 2.232619030382347880e+00 2.196519426796146313e+00
2.300000000000000266e+00 2.280350025203457420e+00 2.245734433769118965e+00
2.350000000000000089e+00 2.333978285793970819e+00 2.295244583212693090e+00
2.400000000000000355e+00 2.382262149280962138e+00 2.344533375803315778e+00
2.450000000000000178e+00 2.431578034277599443e+00 2.394818274232222155e+00
2.500000000000000000e+00 2.481188782562706585e+00 2.445767243219985065e+00
2.550000000000000266e+00 2.528846061561698555e+00 2.495830784795938229e+00
2.600000000000000089e+00 2.583137764551270532e+00 2.545599183901290363e+00
2.650000000000000355e+00 2.633854250168141231e+00 2.597249116256733270e+00
2.700000000000000178e+00 2.685271036095128405e+00 2.646021409523802159e+00
2.750000000000000000e+00 2.733186320471531872e+00 2.694535453129093039e+00
2.800000000000000266e+00 2.782760210845580229e+00 2.746849456043392479e+00
2.850000000000000089e+00 2.833513554373509269e+00 2.794441179428051036e+00
2.900000000000000355e+00 2.884598619100967376e+00 2.844947434709907963e+00
2.950000000000000178e+00 2.934946525607249779e+00 2.895527475609417145e+00
3.000000000000000000e+00 2.983230389094241097e+00 2.946956051111909058e+00
3.050000000000000266e+00 3.032325126624525691e+00 2.995580773143676101e+00
3.100000000000000089e+00 3.081862159087515263e+00 3.043615210234237534e+00
3.150000000000000355e+00 3.133905529502501341e+00 3.094195251133746716e+00
3.200000000000000178e+00 3.185985757828546205e+00 3.145992754724491025e+00
3.250000000000000000e+00 3.233090168161656841e+00 3.193473799682673864e+00
3.300000000000000266e+00 3.284285806622291304e+00 3.244570339905736844e+00
3.350000000000000089e+00 3.332274806820812341e+00 3.293379525981629641e+00
3.400000000000000355e+00 3.386898231009912497e+00 3.344180923734090261e+00
3.450000000000000178e+00 3.435403241963256527e+00 3.397085211589593534e+00
3.500000000000000000e+00 3.484755984870952172e+00 3.446669146650820359e+00
3.550000000000000266e+00 3.533813864490177981e+00 3.495994832050267842e+00
3.600000000000000089e+00 3.584456634284930665e+00 3.548050585302789273e+00
3.650000000000000355e+00 3.637126589187916093e+00 3.597191806658111446e+00
3.700000000000000178e+00 3.682977830545028475e+00 3.643676745778009263e+00
3.750000000000000000e+00 3.732478005096959262e+00 3.694994642854025457e+00
3.800000000000000266e+00 3.785737686576884808e+00 3.744578577915250506e+00
3.850000000000000089e+00 3.835422150684109521e+00 3.795638225329487803e+00
3.900000000000000355e+00 3.887465521099095600e+00 3.847066800831978384e+00
3.950000000000000178e+00 3.934385641876912310e+00 3.897167235216759007e+00
4.000000000000000000e+00 3.983480379407196459e+00 3.944758958601417120e+00
4.049999999999999822e+00 4.034712875778890151e+00 3.993937072765564089e+00
4.100000000000000533e+00 4.086313951261170807e+00 4.048464644209381902e+00
4.150000000000000355e+00 4.137288442255452559e+00 4.095207832991057728e+00
4.200000000000000178e+00 4.183176541523623726e+00 4.146156801978819750e+00
4.250000000000000000e+00 4.235109338205433005e+00 4.193158240422273586e+00
4.299999999999999822e+00 4.285530960533833422e+00 4.245029529630668819e+00
4.350000000000000533e+00 4.336947746460820596e+00 4.296052284236081320e+00
4.400000000000000355e+00 4.384199588438166373e+00 4.345562433679655889e+00
4.450000000000000178e+00 4.435763806009387800e+00 4.395330832785007580e+00
4.500000000000000000e+00 4.485779991316142024e+00 4.445283695934486801e+00
4.549999999999999822e+00 4.538929099062890771e+00 4.495900629642821222e+00
4.600000000000000533e+00 4.584817198331061938e+00 4.544340887630460735e+00
4.650000000000000355e+00 4.635275678570521585e+00 4.595252963809397961e+00
4.700000000000000178e+00 4.685181290144098121e+00 4.643361186517609873e+00
4.750000000000000000e+00 4.735492338739322626e+00 4.692317943828804516e+00
4.800000000000000711e+00 4.784329070892195723e+00 4.742344592595934216e+00
4.850000000000000533e+00 4.836003862196593950e+00 4.793846953716077053e+00
4.900000000000000355e+00 4.884619446883114335e+00 4.845644457306819142e+00
4.950000000000000178e+00 4.935262216677866576e+00 4.897294389662262937e+00
5.000000000000000000e+00 4.986052418116854845e+00 4.943521079120385409e+00
