0.000000000000000000e+00 -1.774072931097787562e-02 -3.682364825321027962e-02
5.000000000000000278e-02 3.102228701977751552e-02 -3.593822084140267659e-02
1.000000000000000056e-01 8.324994699005748566e-02 -3.188001187061786229e-02
1.500000000000000222e-01 1.311652313664611325e-01 -2.678880425272420207e-02
2.000000000000000111e-01 1.800388214303928203e-01 -2.564512717913939449e-02
2.500000000000000000e-01 2.316030390016149132e-01 -2.118109731127610154e-02
3.000000000000000444e-01 2.804766290655466010e-01 -1.834035103172672668e-02
3.500000000000000333e-01 3.344734687666475748e-01 -1.332292903148368964e-02
4.000000000000000222e-01 3.804352838569363127e-01 -9.522969722476098964e-03
4.500000000000000111e-01 4.312623432069828677e-01 -6.903580295878630931e-03
5.000000000000000000e-01 4.803939386483259688e-01 -4.505547722233061055e-03
5.500000000000000444e-01 5.331376093734286892e-01 2.319621910450482809e-03
6.000000000000000888e-01 5.835223737907699881e-01 7.005008631265674350e-03
6.500000000000000222e-01 6.329856904316421007e-01 1.434667758750364681e-02
7.000000000000000666e-01 6.827807282720430582e-01 1.951167082304795103e-02
7.500000000000000000e-01 7.334234980667959647e-01 2.556209147039986002e-02
8.000000000000000444e-01 7.845085627942539608e-01 3.644547007386821080e-02
8.500000000000000888e-01 8.353724800553593566e-01 3.980271567697200863e-02
9.000000000000000222e-01 8.822557429221173919e-01 5.146084326577200774e-02
9.500000000000000666e-01 9.331565180942816840e-01 6.441021916345808507e-02
1.000000000000000000e+00 9.842784407327985763e-01 8.016344853186821440e-02
1.050000000000000044e+00 1.034700063061198660e+00 9.875742417982773247e-02
1.100000000000000089e+00 1.082431057882308423e+00 1.205979670044150243e-01
1.150000000000000133e+00 1.133147543499178678e+00 1.448365424026479276e-01
1.200000000000000178e+00 1.182610860140050901e+00 1.801798532573011535e-01
1.250000000000000000e+00 1.233290487845862371e+00 2.247463663182833749e-01
1.300000000000000044e+00 1.284375552573320034e+00 2.654022416437821219e-01
1.350000000000000089e+00 1.332917421437722627e+00 3.111862173959998867e-01
1.400000000000000133e+00 1.383818196609886808e+00 3.562692297805364894e-01
1.450000000000000178e+00 1.433981813560875507e+00 4.008357428415187385e-01
1.500000000000000000e+00 1.485288025754686103e+00 4.504565707115695816e-01
1.550000000000000044e+00 1.534456479107088045e+00 4.992288639786377491e-01
1.600000000000000089e+00 1.580897447041140769e+00 5.519855805988402864e-01
1.650000000000000133e+00 1.635041718386476939e+00 6.000569104982276247e-01
1.700000000000000178e+00 1.682256702452763930e+00 6.473534914122833772e-01
1.750000000000000000e+00 1.733120619713869326e+00 7.012169922972454339e-01
1.800000000000000044e+00 1.783689673686504440e+00 7.455990413141008188e-01
1.850000000000000089e+00 1.831088947308085357e+00 7.938548352576149103e-01
1.900000000000000133e+00 1.881658001280720471e+00 8.446193402012504015e-01
1.950000000000000178e+00 1.934069950806294402e+00 8.980401273803086948e-01
2.000000000000000000e+00 1.985929031665986555e+00 9.452998154855389856e-01
2.050000000000000266e+00 2.031079972712982240e+00 9.976138183998377595e-01
2.100000000000000089e+00 2.081169873841853590e+00 1.043877400666784583e+00
2.149999999999999911e+00 2.132402370213546838e+00 1.096634117286987342e+00
2.200000000000000178e+00 2.183118855830417093e+00 1.146919015715893497e+00
2.250000000000000000e+00 2.235899384466578432e+00 1.196281593924166886e+00
2.300000000000000266e+00 2.279207429960635523e+00 1.243393710794095774e+00
2.350000000000000089e+00 2.331803669041503380e+00 1.292977645855321267e+00
2.400000000000000355e+00 2.381635564792963233e+00 1.342081974401817535e+00
2.450000000000000178e+00 2.432462624143009844e+00 1.394322191698465607e+00
2.500000000000000000e+00 2.483510830959409166e+00 1.445381839112704236e+00
2.550000000000000266e+00 2.532531852667575745e+00 1.494781310129802421e+00
2.600000000000000089e+00 2.582584895885388754e+00 1.547390455514703778e+00
2.650000000000000355e+00 2.634701982122492847e+00 1.592510360708065509e+00
2.700000000000000178e+00 2.684976172806658123e+00 1.642573902284019782e+00
2.750000000000000000e+00 2.734181484070118628e+00 1.694408298683589331e+00
2.800000000000000266e+00 2.782502205468168732e+00 1.739970917582855714e+00
2.850000000000000089e+00 2.834619291705272381e+00 1.792358706114804745e+00
2.900000000000000355e+00 2.883824602968733330e+00 1.843529031955518871e+00
2.950000000000000178e+00 2.936531415782777099e+00 1.893629466340297940e+00
3.000000000000000000e+00 2.984446700159181010e+00 1.942032831519113545e+00
3.050000000000000266e+00 3.031256247203821363e+00 1.992391515565670845e+00
3.100000000000000089e+00 3.083963060017865132e+00 2.039060918729695970e+00
3.150000000000000355e+00 3.134568971901559475e+00 2.090710851085138877e+00
3.200000000000000178e+00 3.186907205605015392e+00 2.142397676249407024e+00
3.250000000000000000e+00 3.232021288740952514e+00 2.189472900310511339e+00
3.300000000000000266e+00 3.286423565463699958e+00 2.239794691548242511e+00
3.350000000000000089e+00 3.335334013438690626e+00 2.285800024153412657e+00
3.400000000000000355e+00 3.385129051279091694e+00 2.339442168185422499e+00
3.450000000000000178e+00 3.435292668230080171e+00 2.387697962128936258e+00
3.500000000000000000e+00 3.483060520962248940e+00 2.439569251337331934e+00
3.550000000000000266e+00 3.535398754665705301e+00 2.490001721001538826e+00
3.600000000000000089e+00 3.585193792506105925e+00 2.537999265283275907e+00
3.650000000000000355e+00 3.635615414834506343e+00 2.585849238329711586e+00
3.700000000000000178e+00 3.683936136232556446e+00 2.638163241244009694e+00
3.750000000000000000e+00 3.734505190205191560e+00 2.688300568437615556e+00
3.800000000000000266e+00 3.784889954622532748e+00 2.737183540131160164e+00
3.850000000000000089e+00 3.837191330414930324e+00 2.789423757427807349e+00
3.900000000000000355e+00 3.886617789144743540e+00 2.839118370915507672e+00
3.950000000000000178e+00 3.935823100408204489e+00 2.887263486432546156e+00
4.000000000000000000e+00 3.982595789541786058e+00 2.935297923523108476e+00
4.049999999999999822e+00 4.034823449512066063e+00 2.986615820599123339e+00
4.100000000000000533e+00 4.086092803794818096e+00 3.038228860145741450e+00
4.150000000000000355e+00 4.137472731810746041e+00 3.083865264662658312e+00
4.200000000000000178e+00 4.184282278855386394e+00 3.135072483312197456e+00
4.250000000000000000e+00 4.236657370469901984e+00 3.188382592064779697e+00
4.299999999999999822e+00 4.286673555776655320e+00 3.234351031861123715e+00
4.350000000000000533e+00 4.336689741083408656e+00 3.287033962863675107e+00
4.400000000000000355e+00 4.387922237455102348e+00 3.336248969836647316e+00
4.450000000000000178e+00 4.434031484189626227e+00 3.386091154559650374e+00
4.500000000000000000e+00 4.487291165669551773e+00 3.436818766694460514e+00
4.549999999999999822e+00 4.536127897822424870e+00 3.483156134579057372e+00
4.600000000000000533e+00 4.587360394194117674e+00 3.535728387155133046e+00
4.650000000000000355e+00 4.635423110214756726e+00 3.580553149877893304e+00
4.700000000000000178e+00 4.686029022098450625e+00 3.633973937056952153e+00
4.750000000000000000e+00 4.731179963145446088e+00 3.686214154353599337e+00
4.800000000000000711e+00 4.786614261377839519e+00 3.731850558870516643e+00
4.850000000000000533e+00 4.837072741617298277e+00 3.786894629637888698e+00
4.900000000000000355e+00 4.883845430750879402e+00 3.830944643375316261e+00
4.950000000000000178e+00 4.935335932499984146e+00 3.881635362701301162e+00
5.000000000000000000e+00 4.987047581715441602e+00 3.932436760453762226e+00
