0.000000000000000000e+00 -2.046821472932700350e-02 -3.593822084140268353e-02
5.000000000000000278e-02 2.947425475530909139e-02 1.157971692560490727e-02
1.000000000000000056e-01 8.011702455006182444e-02 5.950347558969099754e-02
1.500000000000000222e-01 1.281428826596418269e-01 1.108951582833568039e-01
2.000000000000000111e-01 1.752472929927524625e-01 1.606266645798833936e-01
2.500000000000000000e-01 2.294284222491473346e-01 2.095465290822530191e-01
3.000000000000000444e-01 2.789285968010781769e-01 2.595731778493821085e-01
3.500000000000000333e-01 3.292027874852431757e-01 3.139900708667239249e-01
4.000000000000000222e-01 3.774497930611757646e-01 3.614711158249061529e-01
4.500000000000000111e-01 4.273922625458118074e-01 4.081774117977567395e-01
5.000000000000000000e-01 4.808362335810312249e-01 4.611185924620858634e-01
5.500000000000000444e-01 5.292675287122575734e-01 5.109607771850884772e-01
6.000000000000000888e-01 5.821954889926542753e-01 5.597330704521569222e-01
6.500000000000000222e-01 6.293367572368236962e-01 6.094645767486833732e-01
7.000000000000000666e-01 6.788369317887544829e-01 6.586795837216553595e-01
7.500000000000000000e-01 7.308803022037406727e-01 7.103295160770984884e-01
8.000000000000000444e-01 7.791641656907319913e-01 7.598396655206731687e-01
8.500000000000000888e-01 8.310969623725418254e-01 8.097187430525009111e-01
9.000000000000000222e-01 8.774273565734183045e-01 8.594871421578528237e-01
9.500000000000000666e-01 9.281438421902887814e-01 9.105467895720910088e-01
1.000000000000000000e+00 9.818089606918608547e-01 9.575482280155441783e-01
1.050000000000000044e+00 1.029576813424029291e+00 1.009751552503366900e+00
1.100000000000000089e+00 1.078597835132196092e+00 1.059040345093989810e+00
1.150000000000000133e+00 1.127545141018245323e+00 1.110505813405306075e+00
1.200000000000000178e+00 1.177819331702410377e+00 1.156990752525204780e+00
1.250000000000000000e+00 1.229530980917867611e+00 1.209341648248329015e+00
1.300000000000000044e+00 1.283601536441085988e+00 1.260807116559645280e+00
1.350000000000000089e+00 1.329452777798197927e+00 1.308989124885508781e+00
1.400000000000000133e+00 1.379395247282834136e+00 1.359052666461463277e+00
1.450000000000000178e+00 1.427900258236178166e+00 1.406386140184344269e+00
1.500000000000000000e+00 1.480312207761751875e+00 1.459696248936926288e+00
1.550000000000000044e+00 1.529812382313682662e+00 1.509169505571676062e+00
1.600000000000000089e+00 1.579349414776672456e+00 1.557868013221092918e+00
1.650000000000000133e+00 1.630397621593071555e+00 1.611251907591326527e+00
1.700000000000000178e+00 1.680671812277236610e+00 1.661204770740804637e+00
1.750000000000000000e+00 1.730982860872460449e+00 1.708538244463686295e+00
1.800000000000000044e+00 1.780888472446037873e+00 1.757384323348404775e+00
1.850000000000000089e+00 1.830609794464321372e+00 1.811690537939270707e+00
1.900000000000000133e+00 1.879667674083546958e+00 1.858618190765073175e+00
1.950000000000000178e+00 1.930236728056182072e+00 1.909640945370485898e+00
2.000000000000000000e+00 1.982390672204344506e+00 1.962397661990688658e+00
2.050000000000000266e+00 2.028610492672044519e+00 2.011206848066582342e+00
2.100000000000000089e+00 2.077594656469152756e+00 2.059167499539493740e+00
2.149999999999999911e+00 2.127573983864847751e+00 2.107312615056531335e+00
2.200000000000000178e+00 2.180981096989007995e+00 2.162172221779777193e+00
2.250000000000000000e+00 2.233024467403994517e+00 2.209616373929133903e+00
2.300000000000000266e+00 2.278101692628872410e+00 2.259347880225660798e+00
2.350000000000000089e+00 2.330992794998210549e+00 2.306828925183842749e+00
2.400000000000000355e+00 2.381488133148728092e+00 2.357925465406906174e+00
2.450000000000000178e+00 2.428076532727015735e+00 2.410387039556506128e+00
2.500000000000000000e+00 2.480267334786236955e+00 2.457204013955832433e+00
2.550000000000000266e+00 2.529951798893461667e+00 2.510661693943716077e+00
2.600000000000000089e+00 2.579157110156923061e+00 2.559433987210784522e+00
2.650000000000000355e+00 2.629947311595911330e+00 2.610050920919118500e+00
2.700000000000000178e+00 2.681069234234428222e+00 2.660630961818627682e+00
2.750000000000000000e+00 2.728763371144479422e+00 2.711358573953436935e+00
2.800000000000000266e+00 2.780511878270995219e+00 2.757732834646860365e+00
2.850000000000000089e+00 2.834140138861508618e+00 2.807575019369862979e+00
2.900000000000000355e+00 2.881539412483089091e+00 2.856199741401630021e+00
2.950000000000000178e+00 2.932624477210547198e+00 2.911170026551351597e+00
3.000000000000000000e+00 2.979286592610952855e+00 2.959979212627244838e+00
3.050000000000000266e+00 3.029302777917706191e+00 3.009268005217867525e+00
3.100000000000000089e+00 3.080793279666810935e+00 3.059442225220298184e+00
3.150000000000000355e+00 3.134937551012146884e+00 3.110317408590409283e+00
3.200000000000000178e+00 3.183589993609726054e+00 3.160380950166364222e+00
3.250000000000000000e+00 3.232131862474128869e+00 3.210813419830572002e+00
3.300000000000000266e+00 3.281152884182295448e+00 3.258884749729959562e+00
3.350000000000000089e+00 3.333343686241516668e+00 3.310091968379499594e+00
3.400000000000000355e+00 3.383912740214152226e+00 3.360856473323133198e+00
3.450000000000000178e+00 3.431606877124202981e+00 3.408300625472491241e+00
3.500000000000000000e+00 3.480922762120839842e+00 3.459286487269078059e+00
3.550000000000000266e+00 3.531196952805005118e+00 3.511600490183376611e+00
3.600000000000000089e+00 3.581471143489169950e+00 3.558860178288607123e+00
3.650000000000000355e+00 3.632740497771921984e+00 3.605382010217331956e+00
3.700000000000000178e+00 3.681650945746912651e+00 3.657843584366931022e+00
3.750000000000000000e+00 3.730708825366138015e+00 3.707870233134059834e+00
3.800000000000000266e+00 3.780761868583950580e+00 3.759446379871852706e+00
3.850000000000000089e+00 3.835717013972579359e+00 3.811391454697897530e+00
3.900000000000000355e+00 3.881605113240750971e+00 3.858614249994302803e+00
3.950000000000000178e+00 3.932800751701384989e+00 3.908050613820227337e+00
4.000000000000000000e+00 3.981932347142728368e+00 3.959147154043291206e+00
4.049999999999999822e+00 4.033902001735596876e+00 4.010538836736957435e+00
4.100000000000000533e+00 4.083660181664939159e+00 4.060307235842309126e+00
4.150000000000000355e+00 4.135261257147219816e+00 4.111256204830070260e+00
4.200000000000000178e+00 4.180154192816804226e+00 4.159179963494157306e+00
4.250000000000000000e+00 4.233303300563553861e+00 4.208985255408334680e+00
4.299999999999999822e+00 4.286010113377597186e+00 4.259307046646066297e+00
4.350000000000000533e+00 4.334920561352587853e+00 4.308854088898466550e+00
4.400000000000000355e+00 4.384457593815577425e+00 4.359471022606800084e+00
4.450000000000000178e+00 4.432667741480451618e+00 4.409386992947452732e+00
4.500000000000000000e+00 4.482389063498734671e+00 4.459856355420486196e+00
4.549999999999999822e+00 4.533179264937722941e+00 4.509440290481712132e+00
4.600000000000000533e+00 4.583527171444004900e+00 4.559503832057666628e+00
4.650000000000000355e+00 4.631110734620880187e+00 4.606911091398197655e+00
4.700000000000000178e+00 4.681606072771397287e+00 4.658819273415416795e+00
4.750000000000000000e+00 4.733723159008500936e+00 4.707665352300136163e+00
4.800000000000000711e+00 4.783186475649372937e+00 4.759610427126181875e+00
4.850000000000000533e+00 4.834124108732596348e+00 4.808161363540298439e+00
4.900000000000000355e+00 4.879238191868533470e+00 4.859553046233965112e+00
4.950000000000000178e+00 4.932239867971047076e+00 4.908436017927509276e+00
5.000000000000000000e+00 4.982661490299447493e+00 4.958757809165240893e+00
