0.000000000000000000e+00 -1.880960873168226188e-02 -3.663918420908369306e-02
5.000000000000000278e-02 2.921624937789768506e-02 -3.383533073835964106e-02
1.000000000000000056e-01 8.247593085782325972e-02 -3.398290197366091170e-02
1.500000000000000222e-01 1.289168987918760390e-01 -3.195379748826850802e-02
2.000000000000000111e-01 1.795228106755700215e-01 -3.069944198820774919e-02
2.500000000000000000e-01 2.313081757131447147e-01 -3.073633479703306165e-02
3.000000000000000444e-01 2.828355353733080224e-01 -2.819073098808622460e-02
3.500000000000000333e-01 3.321882782810037238e-01 -2.368980831139762266e-02
4.000000000000000222e-01 3.815778790997582104e-01 -2.380048673787356697e-02
4.500000000000000111e-01 4.305989008079249558e-01 -2.151313259070394834e-02
5.000000000000000000e-01 4.819419709127943929e-01 -1.775006609052166492e-02
5.500000000000000444e-01 5.313315717315488795e-01 -1.778695889934698085e-02
6.000000000000000888e-01 5.844438215672393966e-01 -1.597921126690647273e-02
6.500000000000000222e-01 6.306267841238807348e-01 -1.169964544316976288e-02
7.000000000000000666e-01 6.795372320988710690e-01 -1.181032386964571586e-02
7.500000000000000000e-01 7.334234980667959647e-01 -8.637542310668504600e-03
8.000000000000000444e-01 7.803436188446127852e-01 -6.756009060577364625e-03
8.500000000000000888e-01 8.324975629927752196e-01 -5.058939854612808616e-03
9.000000000000000222e-01 8.823663166552937476e-01 -2.697800089792555100e-03
9.500000000000000666e-01 9.303921747648737917e-01 -2.697800089792555100e-03
1.000000000000000000e+00 9.845364461102099618e-01 -1.406551780906479263e-03
1.050000000000000044e+00 1.034442057683787164e+00 6.968115822440356689e-03
1.100000000000000089e+00 1.081030457262075029e+00 5.381725042951748458e-03
1.150000000000000133e+00 1.130383200169770896e+00 6.082688410632764060e-03
1.200000000000000178e+00 1.181910559829934204e+00 9.956433337290989186e-03
1.250000000000000000e+00 1.232663903357863244e+00 1.205932344033402472e-02
1.300000000000000044e+00 1.284670415861790316e+00 1.430978477867832568e-02
1.350000000000000089e+00 1.332401410682899412e+00 1.408842792572642839e-02
1.400000000000000133e+00 1.383781338698828023e+00 2.113495441136187605e-02
1.450000000000000178e+00 1.432249491741113268e+00 2.375434383795934842e-02
1.500000000000000000e+00 1.483297698557512367e+00 2.445530720564036142e-02
1.550000000000000044e+00 1.533645605063794992e+00 2.685333977928593477e-02
1.600000000000000089e+00 1.581302884062787184e+00 3.268240357368593085e-02
1.650000000000000133e+00 1.633419970299890833e+00 3.360472379431883594e-02
1.700000000000000178e+00 1.682588423652292775e+00 3.563382827971124656e-02
1.750000000000000000e+00 1.735295236466336766e+00 3.806875366218212542e-02
1.800000000000000044e+00 1.782399646799447401e+00 4.260656914769606063e-02
1.850000000000000089e+00 1.829098620110911622e+00 4.400849588305806581e-02
1.900000000000000133e+00 1.881068274703780130e+00 5.031716619218720016e-02
1.950000000000000178e+00 1.931195033743710265e+00 5.212491382462770828e-02
2.000000000000000000e+00 1.982316956382226936e+00 5.529769538360491954e-02
2.050000000000000266e+00 2.032333141688980493e+00 6.038890300149859364e-02
2.100000000000000089e+00 2.080985584286559664e+00 6.352479175165048897e-02
2.149999999999999911e+00 2.131407206614959637e+00 6.787814319303782373e-02
2.200000000000000178e+00 2.182565987164535315e+00 7.337517170800997302e-02
2.250000000000000000e+00 2.232913893670818162e+00 7.728580944349350279e-02
2.300000000000000266e+00 2.282045489112161096e+00 8.259837391433907938e-02
2.350000000000000089e+00 2.333388559217030700e+00 8.573426266449095390e-02
2.400000000000000355e+00 2.384215618567077311e+00 9.322350285603024644e-02
2.450000000000000178e+00 2.438138742446060547e+00 1.015612776505517567e-01
2.500000000000000000e+00 2.482552525271880750e+00 1.063942356066681638e-01
2.550000000000000266e+00 2.532753000133928456e+00 1.125184418716707047e-01
2.600000000000000089e+00 2.581331726909390500e+00 1.186795409454985822e-01
2.650000000000000355e+00 2.636692309319666805e+00 1.274231366370985885e-01
2.700000000000000178e+00 2.686266199693715162e+00 1.372366237846327497e-01
2.750000000000000000e+00 2.729905966387301319e+00 1.496695003587644179e-01
2.800000000000000266e+00 2.781138462758994123e+00 1.595198803151239297e-01
2.850000000000000089e+00 2.832186669575393445e+00 1.717314000363036608e-01
2.900000000000000355e+00 2.885188345677907940e+00 1.889234489489011182e-01
2.950000000000000178e+00 2.933656498720192740e+00 2.100630284058074282e-01
3.000000000000000000e+00 2.983967547315416802e+00 2.320880352745213759e-01
3.050000000000000266e+00 3.033578295600523944e+00 2.587984288640504116e-01
3.100000000000000089e+00 3.082488743575514611e+00 2.889398536743340573e-01
3.150000000000000355e+00 3.135895856699674855e+00 3.212210613964859296e-01
3.200000000000000178e+00 3.185359173340547301e+00 3.484479543095694853e-01
3.250000000000000000e+00 3.230657546031777905e+00 3.939367875911846117e-01
3.300000000000000266e+00 3.282922063913116695e+00 4.333014146077973083e-01
3.350000000000000089e+00 3.333822839085280876e+00 4.803766386689009016e-01
3.400000000000000355e+00 3.385939925322384525e+00 5.295916456418732210e-01
3.450000000000000178e+00 3.433855209698787991e+00 5.720921614086377227e-01
3.500000000000000000e+00 3.482765657673778659e+00 6.304934777791137979e-01
3.550000000000000266e+00 3.534182443600765389e+00 6.699687832222021022e-01
3.600000000000000089e+00 3.585341224150341066e+00 7.208439665923135342e-01
3.650000000000000355e+00 3.634251672125331734e+00 7.727152558007086558e-01
3.700000000000000178e+00 3.683751846677262520e+00 8.170973048175642628e-01
3.750000000000000000e+00 3.733952321539310226e+00 8.614424610255947412e-01
3.800000000000000266e+00 3.780761868583950580e+00 9.117273594545008963e-01
3.850000000000000089e+00 3.835422150684109521e+00 9.555191235301516706e-01
3.900000000000000355e+00 3.885438335990862857e+00 1.009161267562161957e+00
3.950000000000000178e+00 3.935638810852910563e+00 1.049964714122961995e+00
4.000000000000000000e+00 3.981932347142728368e+00 1.105746641066840175e+00
4.049999999999999822e+00 4.032427685293245467e+00 1.152821865127944045e+00
4.100000000000000533e+00 4.086682530371758659e+00 1.200118446042000020e+00
4.150000000000000355e+00 4.135850983724160379e+00 1.254092625353437906e+00
4.200000000000000178e+00 4.182402525391389680e+00 1.297257211679057942e+00
4.250000000000000000e+00 4.234925048650139523e+00 1.352375068064080699e+00
4.299999999999999822e+00 4.286194402932891556e+00 1.396425081801508261e+00
4.350000000000000533e+00 4.337758620504112983e+00 1.447189586745144307e+00
4.400000000000000355e+00 4.385489615325223411e+00 1.497695842027002122e+00
4.450000000000000178e+00 4.434916074055036184e+00 1.540639071499670942e+00
4.500000000000000000e+00 4.483900237852144421e+00 1.593580252163999456e+00
4.549999999999999822e+00 4.535943608267130500e+00 1.646189397548901256e+00
4.600000000000000533e+00 4.586475804328706829e+00 1.698687864507325784e+00
4.650000000000000355e+00 4.632806198529583419e+00 1.739380632641650104e+00
4.700000000000000178e+00 4.684296700278688164e+00 1.790624744100015153e+00
4.750000000000000000e+00 4.734386601407559070e+00 1.838659181190577252e+00
4.800000000000000711e+00 4.786245682267251667e+00 1.883373265486860459e+00
4.850000000000000533e+00 4.833681813799890925e+00 1.935133876268779751e+00
4.900000000000000355e+00 4.883476851640292438e+00 1.985603238741812548e+00
4.950000000000000178e+00 4.933898473968691967e+00 2.041790986582769030e+00
5.000000000000000000e+00 4.983951517186504532e+00 2.084217716731883385e+00
