0.000000000000000000e+00 -2.021020935191560064e-02 -3.907410959155457886e-02
5.000000000000000278e-02 3.253346137318716830e-02 -3.556929275314951733e-02
1.000000000000000056e-01 8.210735174723553242e-02 -3.413047320896217540e-02
1.500000000000000222e-01 1.299120623904628791e-01 -3.342950984128116587e-02
2.000000000000000111e-01 1.796702423198051068e-01 -3.228583276769635135e-02
2.500000000000000000e-01 2.328562079776131666e-01 -3.162176220884065775e-02
3.000000000000000444e-01 2.811032135535457277e-01 -3.165865501766596674e-02
3.500000000000000333e-01 3.334783051680607624e-01 -3.018294266465332276e-02
4.000000000000000222e-01 3.807301471454064834e-01 -2.800626694395965191e-02
4.500000000000000111e-01 4.300091742309846143e-01 -2.900237278224319232e-02
5.000000000000000000e-01 4.799885016266794979e-01 -2.804315975278496090e-02
5.500000000000000444e-01 5.313315717315488795e-01 -2.645676897329635180e-02
6.000000000000000888e-01 5.824166364590068756e-01 -2.354223707609636243e-02
6.500000000000000222e-01 6.288576043930595993e-01 -2.428009325260268442e-02
7.000000000000000666e-01 6.806061115195755074e-01 -2.534998470853686015e-02
7.500000000000000000e-01 7.274893743863336537e-01 -2.169759663483052797e-02
8.000000000000000444e-01 7.821865143975513801e-01 -2.405873639965078192e-02
8.500000000000000888e-01 8.318341205937173077e-01 -2.162381101717989959e-02
9.000000000000000222e-01 8.826980378548227035e-01 -1.996363462004065517e-02
9.500000000000000666e-01 9.308344696975791033e-01 -1.881995754645584065e-02
1.000000000000000000e+00 9.815878132255081434e-01 -1.608988969338242397e-02
1.050000000000000044e+00 1.034589489328022305e+00 -1.745492361991913405e-02
1.100000000000000089e+00 1.082099336682779578e+00 -1.642192497281027425e-02
1.150000000000000133e+00 1.129646041948595414e+00 -1.549960475217736049e-02
1.200000000000000178e+00 1.180878538320288440e+00 -1.760249485522040122e-02
1.250000000000000000e+00 1.232663903357863244e+00 -1.535203351687609678e-02
1.300000000000000044e+00 1.284449268395437604e+00 -9.744326575427997988e-03
1.350000000000000089e+00 1.331848542017018300e+00 -1.085111084018748791e-02
1.400000000000000133e+00 1.379948115948715692e+00 -1.059286117841027296e-02
1.450000000000000178e+00 1.429411432589587694e+00 -1.077732522253685606e-02
1.500000000000000000e+00 1.481454803004573773e+00 -1.026082589898242269e-02
1.550000000000000044e+00 1.534603910751323186e+00 -9.006470398921669063e-03
1.600000000000000089e+00 1.579791709709377656e+00 -8.231721413590024211e-03
1.650000000000000133e+00 1.632609096256598002e+00 -5.058939854612808616e-03
1.700000000000000178e+00 1.680966675565706892e+00 -5.501653560516603196e-03
1.750000000000000000e+00 1.730835429228225308e+00 -4.653118957534327360e-03
1.800000000000000044e+00 1.784795411018267774e+00 -4.136619633979895724e-03
1.850000000000000089e+00 1.832784411216788811e+00 -1.406551780906479263e-03
1.900000000000000133e+00 1.882653164879307450e+00 -8.900524573520488198e-04
1.950000000000000178e+00 1.932927355563472505e+00 5.118742780099766378e-04
2.000000000000000000e+00 1.985155015533752509e+00 3.278834939908710760e-03
2.050000000000000266e+00 2.029900519559101557e+00 3.610870219336558429e-03
2.100000000000000089e+00 2.080469573531736671e+00 4.127369542890988764e-03
2.149999999999999911e+00 2.129490595239903694e+00 5.492403469427697971e-03
2.200000000000000178e+00 2.182307981787123818e+00 4.127369542890989632e-03
2.250000000000000000e+00 2.232913893670818162e+00 7.447722337169471532e-03
2.300000000000000266e+00 2.279539151160164590e+00 8.443828175453015408e-03
2.350000000000000089e+00 2.331840526952562165e+00 1.021468299906820414e-02
2.400000000000000355e+00 2.381193269860257811e+00 1.032536142554415191e-02
2.450000000000000178e+00 2.432831203253597696e+00 1.213310905798465310e-02
2.500000000000000000e+00 2.481041350918471444e+00 1.250203714623781930e-02
2.550000000000000266e+00 2.530283520092990734e+00 1.335057174922009947e-02
2.600000000000000089e+00 2.581737163931037138e+00 1.375639264629857812e-02
2.650000000000000355e+00 2.630573896083910679e+00 1.338746455804541366e-02
2.700000000000000178e+00 2.683870435474895011e+00 1.508453376400997227e-02
2.750000000000000000e+00 2.731601430296004551e+00 1.888449307301756641e-02
2.800000000000000266e+00 2.778337261518527779e+00 1.740878072000491203e-02
2.850000000000000089e+00 2.829864621178690864e+00 1.766703038178212351e-02
2.900000000000000355e+00 2.880359959329208408e+00 1.988059891130111723e-02
2.950000000000000178e+00 2.935130815162543705e+00 2.242620272024795081e-02
3.000000000000000000e+00 2.982972383716830045e+00 2.036020542603023120e-02
3.050000000000000266e+00 3.030961383915351082e+00 2.131941845548845568e-02
3.100000000000000089e+00 3.082120164464926759e+00 2.238930991142263835e-02
3.150000000000000355e+00 3.132468070971209162e+00 2.604169798512896358e-02
3.200000000000000178e+00 3.186944063516074177e+00 2.755430314696693736e-02
3.250000000000000000e+00 3.231726425452482232e+00 2.766498157344288861e-02
3.300000000000000266e+00 3.283511790490057258e+00 3.050572785299226000e-02
3.350000000000000089e+00 3.331685080243872221e+00 2.991544291178719478e-02
3.400000000000000355e+00 3.386013641144502095e+00 3.013679976473909033e-02
3.450000000000000178e+00 3.433634062232435724e+00 3.271929638251124678e-02
3.500000000000000000e+00 3.479190440301077825e+00 3.338336694136694038e-02
3.550000000000000266e+00 3.531381242360299044e+00 3.297754604428845826e-02
3.600000000000000089e+00 3.581213138111758898e+00 3.190765458835428253e-02
3.650000000000000355e+00 3.634730824969095497e+00 3.319890289724035382e-02
3.700000000000000178e+00 3.682240672323852770e+00 3.655614850034415164e-02
3.750000000000000000e+00 3.733657458250839944e+00 3.677750535329604720e-02
3.800000000000000266e+00 3.779729847074305038e+00 3.718332625037453626e-02
3.850000000000000089e+00 3.832805238998936659e+00 3.865903860338719411e-02
3.900000000000000355e+00 3.882931998038866350e+00 4.127842802998466648e-02
3.950000000000000178e+00 3.932985041256678915e+00 4.223764105944288749e-02
4.000000000000000000e+00 3.980384314878259833e+00 4.493081610369097784e-02
4.049999999999999822e+00 4.032169679915834415e+00 4.172114173588845759e-02
4.100000000000000533e+00 4.082591302244234832e+00 4.537352980959477589e-02
4.150000000000000355e+00 4.134229235637573829e+00 4.710749182438465910e-02
4.200000000000000178e+00 4.180891351037979931e+00 4.529974419194415097e-02
4.250000000000000000e+00 4.233303300563553861e+00 4.729195586851122485e-02
4.299999999999999822e+00 4.283651207069835820e+00 4.791913361854162334e-02
4.350000000000000533e+00 4.334035971487177008e+00 5.094434394221755702e-02
4.400000000000000355e+00 4.384383877993459855e+00 5.068609428044035942e-02
4.450000000000000178e+00 4.431783151615040772e+00 5.153462888342263959e-02
4.500000000000000000e+00 4.481762479010735767e+00 5.234627067757958996e-02
4.549999999999999822e+00 4.532073527605959384e+00 5.596176594246060620e-02
4.600000000000000533e+00 4.583785176821416840e+00 5.537148100125555139e-02
4.650000000000000355e+00 4.632474477330054796e+00 5.555594504538214490e-02
4.700000000000000178e+00 4.681974651881985139e+00 6.083161670740236393e-02
4.750000000000000000e+00 4.730258515368976902e+00 5.965104682499226124e-02
4.800000000000000711e+00 4.781011858896905942e+00 6.024133176619732299e-02
4.850000000000000533e+00 4.834787551131654482e+00 6.241800748689099038e-02
4.900000000000000355e+00 4.879385623512768611e+00 6.352479175165047509e-02
4.950000000000000178e+00 4.929180661353169235e+00 6.511118253113909460e-02
5.000000000000000000e+00 4.980818594746509120e+00 6.319275647222263870e-02
