0.000000000000000000e+00 -2.065250428462086368e-02 -3.800421813562039619e-02
5.000000000000000278e-02 3.002712342119067193e-02 -3.461007972369128938e-02
1.000000000000000056e-01 8.166505681453027632e-02 -3.265476085594951755e-02
1.500000000000000222e-01 1.317549579434014739e-01 -2.878101592929129329e-02
2.000000000000000111e-01 1.788593682765121096e-01 -2.571891279679002981e-02
2.500000000000000000e-01 2.302761542034991171e-01 -2.416941482612674011e-02
3.000000000000000444e-01 2.806977765318992013e-01 -1.668017463458748920e-02
3.500000000000000333e-01 3.322988520141800239e-01 -1.188410948729635118e-02
4.000000000000000222e-01 3.805089996790538276e-01 -9.781219384253315649e-03
4.500000000000000111e-01 4.318520697839232092e-01 -6.165724119372302872e-03
5.000000000000000000e-01 4.815365338911479220e-01 -7.793740308760989822e-04
5.500000000000000444e-01 5.350542207484848545e-01 4.238047969366939144e-03
6.000000000000000888e-01 5.825272101921832313e-01 7.890436043073267847e-03
6.500000000000000222e-01 6.328751166984657450e-01 1.534278342578718896e-02
7.000000000000000666e-01 6.791686529882834389e-01 2.312716608792896728e-02
7.500000000000000000e-01 7.312488813143284139e-01 2.681644697046061537e-02
8.000000000000000444e-01 7.821865143975513801e-01 3.589207794148846498e-02
8.500000000000000888e-01 8.328661421033628498e-01 4.330753251537707016e-02
9.000000000000000222e-01 8.811868635014130646e-01 5.083366551574161618e-02
9.500000000000000666e-01 9.303921747648737917e-01 6.282382838396946556e-02
1.000000000000000000e+00 9.809980866485678019e-01 7.798677281117454008e-02
1.050000000000000044e+00 1.031714572265438168e+00 9.827781766509857686e-02
1.100000000000000089e+00 1.079261277531254004e+00 1.220736793574276752e-01
1.150000000000000133e+00 1.133221259321296248e+00 1.456481841968048918e-01
1.200000000000000178e+00 1.181726270274640278e+00 1.825409930221213728e-01
1.250000000000000000e+00 1.231779313492452621e+00 2.207988357739745222e-01
1.300000000000000044e+00 1.284191263018026330e+00 2.626352809818834344e-01
1.350000000000000089e+00 1.330669088863137395e+00 3.097842906606378399e-01
1.400000000000000133e+00 1.382233306434359488e+00 3.546090533833972103e-01
1.450000000000000178e+00 1.431807196808407845e+00 4.034920250769416517e-01
1.500000000000000000e+00 1.484403435889275702e+00 4.537031378881971611e-01
1.550000000000000044e+00 1.532318720265679168e+00 5.042093931700554199e-01
1.600000000000000089e+00 1.578612256555496973e+00 5.465623377015187412e-01
1.650000000000000133e+00 1.631319069369540964e+00 5.999093392629265553e-01
1.700000000000000178e+00 1.682662139474410345e+00 6.473534914122834882e-01
1.750000000000000000e+00 1.733599772557633312e+00 6.985607100618226317e-01
1.800000000000000044e+00 1.781478199022978215e+00 7.462262190641314463e-01
1.850000000000000089e+00 1.829504057132558037e+00 7.979130442283997038e-01
1.900000000000000133e+00 1.882653164879307450e+00 8.477183361425768560e-01
1.950000000000000178e+00 1.931084460010533910e+00 9.015080514098884334e-01
2.000000000000000000e+00 1.984712720601047087e+00 9.467755278385516782e-01
2.050000000000000266e+00 2.033180873643332554e+00 9.986837098557721504e-01
2.100000000000000089e+00 2.079916704865855337e+00 1.045094863358020154e+00
2.149999999999999911e+00 2.133323817990016025e+00 1.097298187845842987e+00
2.200000000000000178e+00 2.182823992541946811e+00 1.143008377980409884e+00
2.250000000000000000e+00 2.233761625625169778e+00 1.201704836821488653e+00
2.300000000000000266e+00 2.280866035958280413e+00 1.244168459779427804e+00
2.350000000000000089e+00 2.331766811130444594e+00 1.296593141120202297e+00
2.400000000000000355e+00 2.382483296747314849e+00 1.348021716622693544e+00
2.450000000000000178e+00 2.434637240895477284e+00 1.394137727654338521e+00
2.500000000000000000e+00 2.483658262603644307e+00 1.446968229892192204e+00
2.550000000000000266e+00 2.532900431778163597e+00 1.497880306071129208e+00
2.600000000000000089e+00 2.582842901262800250e+00 1.546246778441118908e+00
2.650000000000000355e+00 2.634259687189787869e+00 1.592953074413969050e+00
2.700000000000000178e+00 2.683538714275365944e+00 1.644898149240014762e+00
2.750000000000000000e+00 2.731822577762357263e+00 1.694924798007143796e+00
2.800000000000000266e+00 2.784123953554754838e+00 1.743844662509513199e+00
2.850000000000000089e+00 2.831154648065747903e+00 1.791251921850045115e+00
2.900000000000000355e+00 2.886441514653905749e+00 1.839987322308287876e+00
2.950000000000000178e+00 2.934061935741839378e+00 1.891821718707857647e+00
3.000000000000000000e+00 2.980576619498009894e+00 1.944689113754535903e+00
3.050000000000000266e+00 3.030887668093233511e+00 1.995121583418744349e+00
3.100000000000000089e+00 3.084479070772688125e+00 2.039540525244424529e+00
3.150000000000000355e+00 3.134458398168383120e+00 2.093145776467610020e+00
3.200000000000000178e+00 3.185396031251606086e+00 2.146382099602541782e+00
3.250000000000000000e+00 3.233016452339539271e+00 2.192535003443012442e+00
3.300000000000000266e+00 3.284801817377113853e+00 2.240864583004177124e+00
3.350000000000000089e+00 3.331758796065989792e+00 2.292330051315492945e+00
3.400000000000000355e+00 3.385460772478620317e+00 2.338224705494187372e+00
3.450000000000000178e+00 3.434002641343023132e+00 2.393822168393938465e+00
3.500000000000000000e+00 3.479485303589548106e+00 2.442963389749260195e+00
3.550000000000000266e+00 3.532708127158414868e+00 2.487419224383766725e+00
3.600000000000000089e+00 3.582687454554109419e+00 2.541430296504029851e+00
3.650000000000000355e+00 3.633625087637332385e+00 2.586328844844440145e+00
3.700000000000000178e+00 3.681319224547383584e+00 2.639934096067625191e+00
3.750000000000000000e+00 3.734099753183544923e+00 2.688853960569994594e+00
3.800000000000000266e+00 3.784521375511945340e+00 2.740725249778389383e+00
3.850000000000000089e+00 3.834390129174463979e+00 2.789091722148379748e+00
3.900000000000000355e+00 3.887428663188036815e+00 2.838897014062555790e+00
3.950000000000000178e+00 3.933390478278325553e+00 2.889477054962065417e+00
4.000000000000000000e+00 3.984512400916842445e+00 2.937917312949706261e+00
4.049999999999999822e+00 4.033643996358184936e+00 2.986099321275569984e+00
4.100000000000000533e+00 4.087751409792462987e+00 3.037158968689807725e+00
4.150000000000000355e+00 4.137177868522275759e+00 3.087739009589315575e+00
4.200000000000000178e+00 4.183876841833740201e+00 3.137987015209397157e+00
4.250000000000000000e+00 4.235772780604491139e+00 3.185984559491133350e+00
4.299999999999999822e+00 4.285346670978539940e+00 3.237376242184800468e+00
4.350000000000000533e+00 4.335768293306939469e+00 3.287402890951929280e+00
4.400000000000000355e+00 4.384236446349224714e+00 3.340270285998607758e+00
4.450000000000000178e+00 4.433957768367508656e+00 3.387197938824409782e+00
4.500000000000000000e+00 4.486185428337788217e+00 3.438368264665124130e+00
4.549999999999999822e+00 4.534395576002662409e+00 3.481237708520140473e+00
4.600000000000000533e+00 4.588466131525880343e+00 3.538642919052334079e+00
4.650000000000000355e+00 4.633064203906994472e+00 3.584353109186900976e+00
4.700000000000000178e+00 4.685697300898921114e+00 3.638179717263038793e+00
4.750000000000000000e+00 4.733981164385912876e+00 3.682119052573989304e+00
4.800000000000000711e+00 4.784034207603725442e+00 3.733252485605877968e+00
4.850000000000000533e+00 4.837920473571649893e+00 3.786378130314333568e+00
4.900000000000000355e+00 4.885688326303818663e+00 3.828251468331067997e+00
4.950000000000000178e+00 4.933677326502339255e+00 3.884955715495578499e+00
5.000000000000000000e+00 4.984909822874032947e+00 3.932141617983158977e+00
