0.000000000000000000e+00 -1.962048277497524876e-02 -3.638093454730648157e-02
5.000000000000000278e-02 3.142772404142400722e-02 -3.719257634146343888e-02
1.000000000000000056e-01 8.269707832417590165e-02 -3.516347185607103520e-02
1.500000000000000222e-01 1.304649310563444631e-01 -3.379843792953433207e-02
2.000000000000000111e-01 1.828400226708594978e-01 -3.036740670877990239e-02
2.500000000000000000e-01 2.298707171818525907e-01 -3.165865501766597367e-02
3.000000000000000444e-01 2.822089508853088957e-01 -3.018294266465331582e-02
3.500000000000000333e-01 3.332571577017081066e-01 -2.601405526739255722e-02
4.000000000000000222e-01 3.804721417679950979e-01 -2.571891279679002634e-02
4.500000000000000111e-01 4.340635444474495452e-01 -2.439077167907862526e-02
5.000000000000000000e-01 4.832688557109102168e-01 -2.468591414968115960e-02
5.500000000000000444e-01 5.339853413277804162e-01 -2.273059528193939124e-02
6.000000000000000888e-01 5.837435212571226995e-01 -2.332088022314445647e-02
6.500000000000000222e-01 6.311059369676447206e-01 -1.889374316410647250e-02
7.000000000000000666e-01 6.835178864932185405e-01 -1.874617192880520880e-02
7.500000000000000000e-01 7.329812031340906531e-01 -1.697531710519002354e-02
8.000000000000000444e-01 7.818916511090812094e-01 -1.822967260525077890e-02
8.500000000000000888e-01 8.320552680600699080e-01 -1.800831575229887987e-02
9.000000000000000222e-01 8.821083112778823621e-01 -1.490931981097229873e-02
9.500000000000000666e-01 9.316822016519308303e-01 -1.450349891389381661e-02
1.000000000000000000e+00 9.817721027808020695e-01 -1.232682319320014749e-02
1.050000000000000044e+00 1.034073478573199534e+00 -1.059286117841027296e-02
1.100000000000000089e+00 1.082173052504896926e+00 -9.781219384253315649e-03
1.150000000000000133e+00 1.131783800790004291e+00 -5.686117604643187162e-03
1.200000000000000178e+00 1.183126870894873672e+00 -7.899686134162173939e-03
1.250000000000000000e+00 1.232663903357863244e+00 -5.981260075245719773e-03
1.300000000000000044e+00 1.285297000349789442e+00 -2.882264133919136464e-03
1.350000000000000089e+00 1.331258815440077736e+00 -4.690011766359643286e-03
1.400000000000000133e+00 1.384407923186827150e+00 -8.531596485267323518e-04
1.450000000000000178e+00 1.434792687604168560e+00 -2.328872001539390637e-03
1.500000000000000000e+00 1.482781687802689596e+00 -2.997675161469853865e-04
1.550000000000000044e+00 1.533424457597442503e+00 6.594455133112425097e-04
1.600000000000000089e+00 1.581745178995492607e+00 3.352620557559343913e-03
1.650000000000000133e+00 1.633346254477773485e+00 4.606976057620102739e-03
1.700000000000000178e+00 1.683657303072997324e+00 5.012796954698583995e-03
1.750000000000000000e+00 1.732973188069634185e+00 4.274940778192254202e-03
1.800000000000000044e+00 1.783947679063915936e+00 8.406935366627699482e-03
1.850000000000000089e+00 1.830056925798439815e+00 8.702077837230230359e-03
1.900000000000000133e+00 1.883390323100482933e+00 1.025157580789351833e-02
1.950000000000000178e+00 1.933701371695706772e+00 1.050982546967073328e-02
2.000000000000000000e+00 1.982648677581756003e+00 1.335057174922010294e-02
2.050000000000000266e+00 2.032812294532744701e+00 1.475249848458212373e-02
2.100000000000000089e+00 2.082902195661616052e+00 1.478939129340744139e-02
2.149999999999999911e+00 2.133766112922721447e+00 1.932720677892136446e-02
2.200000000000000178e+00 2.185035467205473037e+00 2.024952699955427995e-02
2.250000000000000000e+00 2.235530805355991024e+00 2.268445238202516923e-02
2.300000000000000266e+00 2.281308330890985836e+00 2.264755957319984983e-02
2.350000000000000089e+00 2.333241127572795559e+00 2.327473732323022751e-02
2.400000000000000355e+00 2.384510481855547148e+00 2.537762742627326998e-02
2.450000000000000178e+00 2.433678935207949312e+00 2.700091101458719153e-02
2.500000000000000000e+00 2.484948289490701345e+00 2.792323123522011397e-02
2.550000000000000266e+00 2.530615241292519801e+00 3.242415391190871243e-02
2.600000000000000089e+00 2.582953474995976606e+00 3.205522582365555317e-02
2.650000000000000355e+00 2.634038539723435157e+00 3.294065323546314233e-02
2.700000000000000178e+00 2.682543550676779187e+00 3.349404536784288816e-02
2.750000000000000000e+00 2.730200829675771157e+00 3.312511727958972196e-02
2.800000000000000266e+00 2.783792232355225771e+00 3.710954063272390441e-02
2.850000000000000089e+00 2.833181833173980202e+00 3.784739680923022986e-02
2.900000000000000355e+00 2.883750887146615760e+00 3.873282422103781902e-02
2.950000000000000178e+00 2.934688520229838726e+00 4.282792600064794925e-02
3.000000000000000000e+00 2.983672684026946520e+00 4.120464241233402769e-02
3.050000000000000266e+00 3.031919689602879053e+00 4.552110104489606041e-02
3.100000000000000089e+00 3.081714727443280122e+00 4.585313632432389680e-02
3.150000000000000355e+00 3.136891020298262056e+00 4.581624351549858087e-02
3.200000000000000178e+00 3.182852835388550794e+00 4.854631136857199408e-02
3.250000000000000000e+00 3.231726425452482232e+00 5.061230866278974144e-02
3.300000000000000266e+00 3.278646546230298942e+00 5.474430325122515983e-02
3.350000000000000089e+00 3.332237948909753555e+00 5.540837381008086732e-02
3.400000000000000355e+00 3.382880718704506240e+00 5.736369267782263220e-02
3.450000000000000178e+00 3.434371220453610984e+00 5.939279716321504282e-02
3.500000000000000000e+00 3.479853882700135514e+00 6.042579581032390262e-02
3.550000000000000266e+00 3.531860395204062808e+00 6.267625714866818798e-02
3.600000000000000089e+00 3.580881416912229831e+00 6.289761400162009741e-02
3.650000000000000355e+00 3.633477655993097244e+00 6.474225444288593534e-02
3.700000000000000178e+00 3.681540372013736295e+00 6.610728836942263154e-02
3.750000000000000000e+00 3.730155956700256681e+00 6.961210520782770694e-02
3.800000000000000266e+00 3.780135284095951231e+00 7.241595867855174506e-02
3.850000000000000089e+00 3.831736359578232332e+00 7.053442542846059815e-02
3.900000000000000355e+00 3.885585767635097998e+00 7.562563304635427919e-02
3.950000000000000178e+00 3.930441845393623623e+00 7.957316359066314571e-02
4.000000000000000000e+00 3.980494888611436188e+00 7.861395056120490388e-02
4.049999999999999822e+00 4.032390827382187126e+00 8.234012425256187484e-02
4.100000000000000533e+00 4.085023924374113768e+00 8.189741054665805597e-02
4.150000000000000355e+00 4.133344645772163872e+00 8.514397772328591296e-02
4.200000000000000178e+00 4.178827308018687958e+00 8.879636579699223820e-02
4.250000000000000000e+00 4.231239257544261889e+00 8.979247163527577513e-02
4.299999999999999822e+00 4.283282627959247968e+00 9.359243094428339182e-02
4.350000000000000533e+00 4.331566491446239731e+00 9.433028712078969646e-02
4.400000000000000355e+00 4.385305325769929041e+00 9.635939160618216259e-02
4.450000000000000178e+00 4.432225446547746195e+00 9.997488687106312333e-02
4.500000000000000000e+00 4.480251304657326017e+00 1.027787403417871476e-01
4.549999999999999822e+00 4.534395576002662409e+00 1.029632043859137480e-01
4.600000000000000533e+00 4.584338045487298174e+00 1.070951989743492150e-01
4.650000000000000355e+00 4.631405597909350469e+00 1.084971257097112063e-01
4.700000000000000178e+00 4.682490662636808132e+00 1.125184418716707185e-01
4.750000000000000000e+00 4.733280864075796401e+00 1.137359045629061510e-01
4.800000000000000711e+00 4.784181639247960582e+00 1.146213319747137610e-01
4.850000000000000533e+00 4.835045556509065534e+00 1.189008977984504500e-01
4.900000000000000355e+00 4.882518545952764022e+00 1.210406807103188431e-01
4.950000000000000178e+00 4.930507546151285503e+00 1.250251040634529909e-01
5.000000000000000000e+00 4.981260889679214543e+00 1.291202058430631350e-01
