0.000000000000000000e+00 -2.032078308509191814e-02 -3.756150442971660508e-02
5.000000000000000278e-02 3.212802435154067660e-02 2.614764381053014120e-03
1.000000000000000056e-01 8.122276188182500634e-02 4.788224080971632129e-02
1.500000000000000222e-01 1.305755047895207632e-01 9.658074845913403039e-02
2.000000000000000111e-01 1.786013628991006963e-01 1.447627567849972818e-01
2.500000000000000000e-01 2.297970013597351036e-01 1.993641138464656293e-01
3.000000000000000444e-01 2.811769293756632426e-01 2.473616581282023497e-01
3.500000000000000333e-01 3.322619941031212387e-01 2.986795552042175728e-01
4.000000000000000222e-01 3.799192731021134861e-01 3.465664210594782690e-01
4.500000000000000111e-01 4.284242840554574050e-01 3.980687821796201065e-01
5.000000000000000000e-01 4.810942389584426659e-01 4.460294336525313930e-01
5.500000000000000444e-01 5.307049872435497528e-01 4.974211163461974006e-01
6.000000000000000888e-01 5.808317462834796663e-01 5.451604109661567499e-01
6.500000000000000222e-01 6.272358563064737158e-01 5.970317001745517604e-01
7.000000000000000666e-01 6.793160846325184687e-01 6.473165986034582486e-01
7.500000000000000000e-01 7.291111224729196483e-01 6.969005336646834081e-01
8.000000000000000444e-01 7.789061603133206058e-01 7.485135732113010754e-01
8.500000000000000888e-01 8.303598041513663430e-01 7.932276575075845049e-01
9.000000000000000222e-01 8.792702521263568993e-01 8.445086617747745716e-01
9.500000000000000666e-01 9.303921747648737917e-01 8.946090961595541957e-01
1.000000000000000000e+00 9.816615290476257139e-01 9.465541709855999075e-01
1.050000000000000044e+00 1.032820309597201280e+00 9.986837098557718173e-01
1.100000000000000089e+00 1.080403872774075902e+00 1.048230752108171959e+00
1.150000000000000133e+00 1.128171725506244449e+00 1.096744795713463061e+00
1.200000000000000178e+00 1.177782473791351592e+00 1.147066586951194678e+00
1.250000000000000000e+00 1.231779313492452621e+00 1.197646627850703638e+00
1.300000000000000044e+00 1.284412410484378819e+00 1.245275244044186991e+00
1.350000000000000089e+00 1.328568187932787525e+00 1.295043643149538681e+00
1.400000000000000133e+00 1.381275000746831516e+00 1.346398433034379227e+00
1.450000000000000178e+00 1.429374574678528909e+00 1.396425081801508927e+00
1.500000000000000000e+00 1.480717644783398512e+00 1.447558514833397370e+00
1.550000000000000044e+00 1.532355578176737954e+00 1.498027877306429945e+00
1.600000000000000089e+00 1.578243677444909121e+00 1.548681703823589384e+00
1.650000000000000133e+00 1.629107594706014517e+00 1.593727823399301080e+00
1.700000000000000178e+00 1.680376948988766550e+00 1.647591324284262804e+00
1.750000000000000000e+00 1.732199171937399917e+00 1.698872328551452870e+00
1.800000000000000044e+00 1.779893308847450895e+00 1.744766982730146632e+00
1.850000000000000089e+00 1.832010395084554544e+00 1.796896521600318763e+00
1.900000000000000133e+00 1.881399995903309197e+00 1.845041637117356581e+00
1.950000000000000178e+00 1.933074787207707645e+00 1.897798353737559340e+00
2.000000000000000000e+00 1.984122994024106745e+00 1.949337607666525862e+00
2.050000000000000266e+00 2.028757924316279659e+00 1.998810864301275858e+00
2.100000000000000089e+00 2.078700393800915869e+00 2.047288015097741276e+00
2.149999999999999911e+00 2.130375185105314095e+00 2.097314663864870532e+00
2.200000000000000178e+00 2.181976260587595196e+00 2.149665559587994323e+00
2.250000000000000000e+00 2.232877035759759377e+00 2.199065030605093174e+00
2.300000000000000266e+00 2.281566336268396888e+00 2.247505288592734018e+00
2.350000000000000089e+00 2.332135390241032447e+00 2.296794081183356706e+00
2.400000000000000355e+00 2.382483296747314849e+00 2.348739156009402418e+00
2.450000000000000178e+00 2.430103717835248478e+00 2.397326985232343777e+00
2.500000000000000000e+00 2.481004493007412659e+00 2.448017704558329122e+00
2.550000000000000266e+00 2.530357235915108305e+00 2.497638532428378522e+00
2.600000000000000089e+00 2.580373421221862529e+00 2.545525398283640328e+00
2.650000000000000355e+00 2.633043376124848400e+00 2.595146226153690616e+00
2.700000000000000178e+00 2.682469834854661617e+00 2.648603906141574704e+00
2.750000000000000000e+00 2.732375446428239041e+00 2.697486877835118424e+00
2.800000000000000266e+00 2.782207342179698450e+00 2.747882454690500964e+00
2.850000000000000089e+00 2.830896642688336406e+00 2.795658642119286164e+00
2.900000000000000355e+00 2.881649986216265447e+00 2.847345467283553866e+00
2.950000000000000178e+00 2.933509067075958043e+00 2.898478900315442530e+00
3.000000000000000000e+00 2.980023750832128115e+00 2.945738588420674375e+00
3.050000000000000266e+00 3.030519088982645659e+00 2.995101166628947098e+00
3.100000000000000089e+00 3.082820464775043234e+00 3.047378276734419966e+00
3.150000000000000355e+00 3.133684382036148630e+00 3.097368032692723538e+00
3.200000000000000178e+00 3.185248599607370945e+00 3.142487937886085714e+00
3.250000000000000000e+00 3.230030961543779000e+00 3.195834939447492307e+00
3.300000000000000266e+00 3.282074331958765079e+00 3.246046052258748649e+00
3.350000000000000089e+00 3.335555160905043337e+00 3.294154274966961449e+00
3.400000000000000355e+00 3.384428750968974775e+00 3.346837205969513285e+00
3.450000000000000178e+00 3.434408078364669770e+00 3.397859960574926230e+00
3.500000000000000000e+00 3.478821861190489972e+00 3.448882715180339176e+00
3.550000000000000266e+00 3.531233810716063903e+00 3.496585116991472564e+00
3.600000000000000089e+00 3.585930950727281630e+00 3.546833122611554145e+00
3.650000000000000355e+00 3.636610578433093099e+00 3.594314167569736096e+00
3.700000000000000178e+00 3.680397776770914398e+00 3.647734954748794500e+00
3.750000000000000000e+00 3.731445983587313719e+00 3.698093638795351801e+00
3.800000000000000266e+00 3.782899627425359235e+00 3.746533896782992201e+00
3.850000000000000089e+00 3.834648134551875032e+00 3.794383869829426992e+00
3.900000000000000355e+00 3.886064920478862206e+00 3.849243476552673737e+00
3.950000000000000178e+00 3.931142145703740542e+00 3.898716733187423067e+00
4.000000000000000000e+00 3.980863467722024041e+00 3.947784168925093429e+00
4.049999999999999822e+00 4.034786591601007721e+00 3.996150641295083794e+00
4.100000000000000533e+00 4.083217886732233737e+00 4.046952039047544858e+00
4.150000000000000355e+00 4.135298115058279045e+00 4.098712649829463039e+00
4.200000000000000178e+00 4.182734246590918303e+00 4.146156801978820639e+00
4.250000000000000000e+00 4.230981252166850837e+00 4.194965988054713435e+00
4.299999999999999822e+00 4.283061480492895257e+00 4.245693600189524020e+00
4.350000000000000533e+00 4.334773129708352712e+00 4.296421212324333716e+00
4.400000000000000355e+00 4.384678741281930137e+00 4.345673112106132052e+00
4.450000000000000178e+00 4.431856867437158343e+00 4.395220154358531417e+00
4.500000000000000000e+00 4.482241631854499531e+00 4.445062339081534475e+00
4.549999999999999822e+00 4.532626396271840719e+00 4.495494808745741366e+00
4.600000000000000533e+00 4.587618399571528727e+00 4.548177739748292758e+00
4.650000000000000355e+00 4.632879914351700990e+00 4.594552000441717077e+00
4.700000000000000178e+00 4.683706973701747600e+00 4.640704904282187293e+00
4.750000000000000000e+00 4.734460317229676640e+00 4.693387835284739573e+00
4.800000000000000711e+00 4.783813060137372730e+00 4.745406695728434876e+00
4.850000000000000533e+00 4.835119272331183105e+00 4.796798378422100662e+00
4.900000000000000355e+00 4.880823082044060790e+00 4.845570671689169551e+00
4.950000000000000178e+00 4.933050742014340351e+00 4.895043928323918436e+00
5.000000000000000000e+00 4.984320096297092384e+00 4.946251146973457580e+00
