0.000000000000000000e+00 -1.899389828697612206e-02 -3.999642981218749782e-02
5.000000000000000278e-02 3.190687688518804160e-02 -2.022188428181787012e-02
1.000000000000000056e-01 8.299194161264608627e-02 1.180107377855681150e-02
1.500000000000000222e-01 1.309809418111672619e-01 4.526285138311883505e-02
2.000000000000000111e-01 1.823977277381542139e-01 9.126818398828843992e-02
2.500000000000000000e-01 2.321190497564376842e-01 1.385278720935188557e-01
3.000000000000000444e-01 2.811032135535457277e-01 1.908787678166428692e-01
3.500000000000000333e-01 3.334414472570019772e-01 2.413112374808504823e-01
4.000000000000000222e-01 3.799929889242310566e-01 2.906369228802986315e-01
4.500000000000000111e-01 4.314097748512179531e-01 3.386713599708605638e-01
5.000000000000000000e-01 4.809836652252663103e-01 3.874436532379289533e-01
5.500000000000000444e-01 5.310367084430787088e-01 4.402372626669568967e-01
6.000000000000000888e-01 5.818637677931253194e-01 4.887513062722479429e-01
6.500000000000000222e-01 6.318430951888202030e-01 5.399216321129618468e-01
7.000000000000000666e-01 6.838496076927473855e-01 5.892842103212352356e-01
7.500000000000000000e-01 7.320597553576213556e-01 6.382778604412555623e-01
8.000000000000000444e-01 7.825919514191977955e-01 6.902229352673009410e-01
8.500000000000000888e-01 8.345984639231252000e-01 7.410612258285871334e-01
9.000000000000000222e-01 8.806708527465901826e-01 7.904238040368605223e-01
9.500000000000000666e-01 9.320507807625185714e-01 8.391223116862782661e-01
1.000000000000000000e+00 9.817721027808020695e-01 8.881897474239491830e-01
1.050000000000000044e+00 1.032930883330377636e+00 9.405037503382478459e-01
1.100000000000000089e+00 1.081104173084192599e+00 9.900876853994732274e-01
1.150000000000000133e+00 1.129682899859654199e+00 1.039155121137144366e+00
1.200000000000000178e+00 1.179588511433231401e+00 1.086783737330627719e+00
1.250000000000000000e+00 1.231152729004453494e+00 1.139134633053751733e+00
1.300000000000000044e+00 1.284817847506025457e+00 1.191079707879797223e+00
1.350000000000000089e+00 1.334096874591603088e+00 1.238339395985027513e+00
1.400000000000000133e+00 1.381459290302125442e+00 1.287591295766825406e+00
1.450000000000000178e+00 1.431807196808407845e+00 1.336843195548623076e+00
1.500000000000000000e+00 1.484808872910922117e+00 1.388419342286414837e+00
1.550000000000000044e+00 1.535672790172027513e+00 1.438741133524146454e+00
1.600000000000000089e+00 1.580823731219023198e+00 1.490612422732541242e+00
1.650000000000000133e+00 1.633346254477773485e+00 1.539975000940815075e+00
1.700000000000000178e+00 1.680192659433472624e+00 1.589743400046167210e+00
1.750000000000000000e+00 1.733562914646574527e+00 1.642832151945797126e+00
1.800000000000000044e+00 1.782583936354741327e+00 1.690313196903979076e+00
1.850000000000000089e+00 1.829688346687851963e+00 1.739934024774030252e+00
1.900000000000000133e+00 1.880073111105193373e+00 1.790698529717665410e+00
1.950000000000000178e+00 1.929978722678770797e+00 1.837847539396420204e+00
2.000000000000000000e+00 1.983606983269283974e+00 1.887763509737073298e+00
2.050000000000000266e+00 2.032443715422156849e+00 1.938491121871882994e+00
2.100000000000000089e+00 2.083528780149614956e+00 1.990952696021483392e+00
2.149999999999999911e+00 2.131775785725547490e+00 2.038581312214966079e+00
2.200000000000000178e+00 2.180575659967361801e+00 2.087390498290860208e+00
2.250000000000000000e+00 2.234351352202109897e+00 2.139298680308080680e+00
2.300000000000000266e+00 2.279354861604870663e+00 2.188181652001624400e+00
2.350000000000000089e+00 2.331545663664091883e+00 2.239831584357067751e+00
2.400000000000000355e+00 2.382593870480491205e+00 2.286833022800520698e+00
2.450000000000000178e+00 2.432978634897832393e+00 2.340770309303133789e+00
2.500000000000000000e+00 2.483142251848821314e+00 2.389911530658455074e+00
2.550000000000000266e+00 2.531462973246871417e+00 2.437982860557842635e+00
2.600000000000000089e+00 2.580410279132921314e+00 2.486386225736657796e+00
2.650000000000000355e+00 2.631347912216144724e+00 2.538737121459782031e+00
2.700000000000000178e+00 2.682064397833014979e+00 2.589317162359291213e+00
2.750000000000000000e+00 2.731159135363299573e+00 2.636503064846869915e+00
2.800000000000000266e+00 2.780696167826289145e+00 2.688337461246439908e+00
2.850000000000000089e+00 2.831744374642688467e+00 2.738917502145948202e+00
2.900000000000000355e+00 2.882534576081676292e+00 2.785181084412895469e+00
2.950000000000000178e+00 2.933287919609605332e+00 2.837421301709543986e+00
3.000000000000000000e+00 2.982382657139889481e+00 2.889624626197366375e+00
3.050000000000000266e+00 3.032288268713466906e+00 2.940573595185127953e+00
3.100000000000000089e+00 3.083447049263042583e+00 2.989862387775751529e+00
3.150000000000000355e+00 3.136891020298262056e+00 3.040442428675259823e+00
3.200000000000000178e+00 3.182668545833256868e+00 3.087702116780490780e+00
3.250000000000000000e+00 3.231910715007776158e+00 3.137286051841716272e+00
3.300000000000000266e+00 3.284138374978056163e+00 3.187755414314749292e+00
3.350000000000000089e+00 3.332311664731871126e+00 3.238741276111336553e+00
3.400000000000000355e+00 3.384723614257445057e+00 3.289616459481447652e+00
3.450000000000000178e+00 3.434629225831022481e+00 3.339347965777974103e+00
3.500000000000000000e+00 3.483834537094482986e+00 3.390223149148085202e+00
3.550000000000000266e+00 3.533555859112766484e+00 3.439290584885756896e+00
3.600000000000000089e+00 3.585267508328223496e+00 3.488062878152824453e+00
3.650000000000000355e+00 3.634620251235919586e+00 3.537757491640526109e+00
3.700000000000000178e+00 3.682793540989734549e+00 3.585902607157564148e+00
3.750000000000000000e+00 3.733399452873428448e+00 3.638733109395416943e+00
3.800000000000000266e+00 3.784115938490298703e+00 3.689755864000830776e+00
3.850000000000000089e+00 3.835127287395639240e+00 3.738712621312024975e+00
3.900000000000000355e+00 3.886322925856273702e+00 3.790731481755721166e+00
3.950000000000000178e+00 3.934164494410559598e+00 3.839282418169838174e+00
4.000000000000000000e+00 3.980310599056142262e+00 3.892481848495943808e+00
4.049999999999999822e+00 4.034602302045713351e+00 3.935720220439215211e+00
4.100000000000000533e+00 4.084692203174584257e+00 3.990137113456556861e+00
4.150000000000000355e+00 4.136735573589570336e+00 4.041307439297271209e+00
4.200000000000000178e+00 4.183876841833740201e+00 4.092367086711509394e+00
4.250000000000000000e+00 4.233045295186141921e+00 4.138999597066708169e+00
4.299999999999999822e+00 4.284462081113129095e+00 4.187845675951427538e+00
4.350000000000000533e+00 4.334994277174705424e+00 4.238315038424460113e+00
4.400000000000000355e+00 4.385305325769929041e+00 4.286570832367973871e+00
4.450000000000000178e+00 4.433884052545391086e+00 4.337814943826339587e+00
4.500000000000000000e+00 4.484121385318497133e+00 4.389206626520005372e+00
4.549999999999999822e+00 4.534174428536309698e+00 4.437204170801741121e+00
4.600000000000000533e+00 4.584448619220474974e+00 4.487821104510075543e+00
4.650000000000000355e+00 4.633764504217111835e+00 4.540651606747928781e+00
4.700000000000000178e+00 4.682122083526220280e+00 4.589534578441473833e+00
4.750000000000000000e+00 4.735013185895557974e+00 4.637347658679083828e+00
4.800000000000000711e+00 4.784402786714312406e+00 4.688665555755099135e+00
4.850000000000000533e+00 4.835708998908123668e+00 4.738765990139878426e+00
4.900000000000000355e+00 4.883181988351822156e+00 4.790452815304147016e+00
4.950000000000000178e+00 4.932940168281164439e+00 4.838302788350582695e+00
5.000000000000000000e+00 4.984209522563915584e+00 4.890247863176628407e+00
