0.000000000000000000e+00 -1.663499197921471454e-02 -3.693432667968621352e-02
5.000000000000000278e-02 3.175944524095295624e-02 -3.542172151784826056e-02
1.000000000000000056e-01 8.288136787946975836e-02 -3.512657904724571928e-02
1.500000000000000222e-01 1.310915155443435898e-01 -3.435183006191407790e-02
2.000000000000000111e-01 1.806285480073331617e-01 -3.280233209125079513e-02
2.500000000000000000e-01 2.268483684750332852e-01 -3.413047320896216846e-02
3.000000000000000444e-01 2.826881037290729370e-01 -3.025672828230395461e-02
3.500000000000000333e-01 3.351000532546467015e-01 -2.907615839989382764e-02
4.000000000000000222e-01 3.798086993689371860e-01 -2.867033750281534552e-02
4.500000000000000111e-01 4.325523700940399063e-01 -2.911305120871914009e-02
5.000000000000000000e-01 4.797304962492680569e-01 -3.021983547347863175e-02
5.500000000000000444e-01 5.308892767988435679e-01 -2.737908919392926382e-02
6.000000000000000888e-01 5.800945880623042950e-01 -2.608784088504319254e-02
6.500000000000000222e-01 6.300739154579990675e-01 -2.380048673787356697e-02
7.000000000000000666e-01 6.814169855628684491e-01 -1.977917057591407207e-02
7.500000000000000000e-01 7.327600556677380528e-01 -2.129177573775204585e-02
8.000000000000000444e-01 7.831079621740206775e-01 -1.841413664937736200e-02
8.500000000000000888e-01 8.313918256610119961e-01 -2.077527641419762289e-02
9.000000000000000222e-01 8.804128473691787971e-01 -1.782385170817230025e-02
9.500000000000000666e-01 9.318296332961659711e-01 -1.893063597293179190e-02
1.000000000000000000e+00 9.825829768240950113e-01 -2.040634832594445669e-02
1.050000000000000044e+00 1.034147194395317104e+00 -1.797142294347356395e-02
1.100000000000000089e+00 1.080846167706781324e+00 -1.442971329624318302e-02
1.150000000000000133e+00 1.130346342258712111e+00 -1.347050026678496028e-02
1.200000000000000178e+00 1.179183074411584986e+00 -1.365496431091153817e-02
1.250000000000000000e+00 1.231484450203982561e+00 -1.103557488431406754e-02
1.300000000000000044e+00 1.283490962707909633e+00 -1.011325466368116072e-02
1.350000000000000089e+00 1.330853378418431099e+00 -1.040839713428369159e-02
1.400000000000000133e+00 1.379432105193892921e+00 -1.077732522253685779e-02
1.450000000000000178e+00 1.430627743654527162e+00 -8.010364560638125186e-03
1.500000000000000000e+00 1.483113409002218663e+00 -8.785113545969770038e-03
1.550000000000000044e+00 1.533829894619088918e+00 -5.833688839944454335e-03
1.600000000000000089e+00 1.580160288819965286e+00 -6.460866589974834616e-03
1.650000000000000133e+00 1.632572238345539217e+00 -3.989048398678631153e-03
1.700000000000000178e+00 1.682993860673939412e+00 -2.328872001539390637e-03
1.750000000000000000e+00 1.733710346290809667e+00 -1.959943913286225740e-03
1.800000000000000044e+00 1.782141641422036127e+00 -2.255086383888757484e-03
1.850000000000000089e+00 1.831457526418672987e+00 -1.959943913286225740e-03
1.900000000000000133e+00 1.879704531994605743e+00 3.226776328086259488e-05
1.950000000000000178e+00 1.935802272626056642e+00 1.139052028040356051e-03
2.000000000000000000e+00 1.984639004778929516e+00 2.467193145751748681e-03
2.050000000000000266e+00 2.030785109424512402e+00 3.094370895782128528e-03
2.100000000000000089e+00 2.080027278599031693e+00 4.865225719397318557e-03
2.149999999999999911e+00 2.130743764215901948e+00 4.348726395842886921e-03
2.200000000000000178e+00 2.181902544765477625e+00 5.566189087078330690e-03
2.250000000000000000e+00 2.233061325315053303e+00 1.006711176376693870e-02
2.300000000000000266e+00 2.279944588181811227e+00 9.107898734308710748e-03
2.350000000000000089e+00 2.331103368731386460e+00 9.845754910815043143e-03
2.400000000000000355e+00 2.382888733768961487e+00 9.882647719640353864e-03
2.450000000000000178e+00 2.432978634897832393e+00 1.054671827849604920e-02
2.500000000000000000e+00 2.481778509139646705e+00 1.264960838153908473e-02
2.550000000000000266e+00 2.531020678314165995e+00 1.261271557271377054e-02
2.600000000000000089e+00 2.583100906640211747e+00 1.464182005810617422e-02
2.650000000000000355e+00 2.631753349237791362e+00 1.560103308756440217e-02
2.700000000000000178e+00 2.683317566809013233e+00 1.563792589638972330e-02
2.750000000000000000e+00 2.730458835053182653e+00 1.866313622006567086e-02
2.800000000000000266e+00 2.778300403607468994e+00 1.881070745536693803e-02
2.850000000000000089e+00 2.831302079709983044e+00 1.781460161708339068e-02
2.900000000000000355e+00 2.882276570704264795e+00 1.825731532298718873e-02
2.950000000000000178e+00 2.933693356631251525e+00 2.028641980837959588e-02
3.000000000000000000e+00 2.978549434389777151e+00 2.069224070545807800e-02
3.050000000000000266e+00 3.029892504494646754e+00 2.416016473503782708e-02
3.100000000000000089e+00 3.081567295799044981e+00 2.157766811726567410e-02
3.150000000000000355e+00 3.132873507992855799e+00 2.633684045573150140e-02
3.200000000000000178e+00 3.183000267032785935e+00 2.770187438226820800e-02
3.250000000000000000e+00 3.231320988430836039e+00 2.471355686741757290e-02
3.300000000000000266e+00 3.280231436405826262e+00 2.766498157344289208e-02
3.350000000000000089e+00 3.330874206200578946e+00 2.880865864702769966e-02
3.400000000000000355e+00 3.384244461413680849e+00 2.947272920588339326e-02
3.450000000000000178e+00 3.431754308768438122e+00 3.135426245597453671e-02
3.500000000000000000e+00 3.479153582390019039e+00 3.087465594124541579e-02
3.550000000000000266e+00 3.532118400581474305e+00 3.430568716199985241e-02
3.600000000000000089e+00 3.580475979890583194e+00 3.504354333850617786e-02
3.650000000000000355e+00 3.631450470884864945e+00 3.533868580910870527e-02
3.700000000000000178e+00 3.681945809035382489e+00 3.581829232383782619e-02
3.750000000000000000e+00 3.729713661767551258e+00 3.622411322091630831e-02
3.800000000000000266e+00 3.778882115119952978e+00 3.936000197106821058e-02
3.850000000000000089e+00 3.830040895669528656e+00 4.028232219170111567e-02
3.900000000000000355e+00 3.882968855949925135e+00 4.002407252992389725e-02
3.950000000000000178e+00 3.929594113439272007e+00 4.183182016236440537e-02
4.000000000000000000e+00 3.989377645176600318e+00 4.116774960350870483e-02
4.049999999999999822e+00 4.032169679915834415e+00 4.330753251537705628e-02
4.100000000000000533e+00 4.082112149400470180e+00 4.924727473625301055e-02
4.150000000000000355e+00 4.135187541325102245e+00 5.094434394221755702e-02
4.200000000000000178e+00 4.182807962413035874e+00 4.858320417739731695e-02
4.250000000000000000e+00 4.232418710698143016e+00 4.799291923619225519e-02
4.299999999999999822e+00 4.281476590317368824e+00 4.836184732444542139e-02
4.350000000000000533e+00 4.335842009129057040e+00 5.138705764812138282e-02
4.400000000000000355e+00 4.383020135284285246e+00 4.987445248628340211e-02
4.450000000000000178e+00 4.433441757612685663e+00 5.444916078062263937e-02
4.500000000000000000e+00 4.482831358431440094e+00 5.614622998658719971e-02
4.549999999999999822e+00 4.533768991514662616e+00 5.503944572182770112e-02
4.600000000000000533e+00 4.581205123047302763e+00 5.740058548664795507e-02
4.650000000000000355e+00 4.635017673193109644e+00 5.666272931014162267e-02
4.700000000000000178e+00 4.679026018997283209e+00 5.802776323667833275e-02
4.750000000000000000e+00 4.728563051460272781e+00 5.917144031026315421e-02
4.800000000000000711e+00 4.784439644625371635e+00 6.035201019267327077e-02
4.850000000000000533e+00 4.832760366023421739e+00 6.149568726625808529e-02
4.900000000000000355e+00 4.882407972219587222e+00 6.190150816333655354e-02
4.950000000000000178e+00 4.933198173658575492e+00 6.529564657526566729e-02
5.000000000000000000e+00 4.983767227631211050e+00 6.717717982535681420e-02
