0.000000000000000000e+00 -1.939933530862261724e-02 -3.689743387086091148e-02
5.000000000000000278e-02 2.921624937789768506e-02 -1.793453013464824802e-02
1.000000000000000056e-01 8.321308907899871432e-02 1.150593130795427715e-02
1.500000000000000222e-01 1.283271722149356697e-01 4.795602642736691845e-02
2.000000000000000111e-01 1.780116363221603548e-01 9.259632510599984101e-02
2.500000000000000000e-01 2.310133124246745440e-01 1.408521190495137798e-01
3.000000000000000444e-01 2.799237603996649892e-01 1.905098397283896960e-01
3.500000000000000333e-01 3.329991523242967211e-01 2.402413460249163135e-01
4.000000000000000222e-01 3.785923883039977178e-01 2.919650639980099771e-01
4.500000000000000111e-01 4.317046381396881238e-01 3.389665024414631467e-01
5.000000000000000000e-01 4.811679547805601809e-01 3.907271132233820499e-01
5.500000000000000444e-01 5.316632929310778355e-01 4.414178325493668398e-01
6.000000000000000888e-01 5.814583307714787930e-01 4.916289453606225712e-01
6.500000000000000222e-01 6.304793524796455939e-01 5.405119170541670126e-01
7.000000000000000666e-01 6.798689532984000250e-01 5.903172089683441648e-01
7.500000000000000000e-01 7.304380072710354721e-01 6.390157166177619086e-01
8.000000000000000444e-01 7.787587286690855759e-01 6.898540071790479900e-01
8.500000000000000888e-01 8.313918256610119961e-01 7.388845501078936673e-01
9.000000000000000222e-01 8.816291584341182652e-01 7.866238447278530721e-01
9.500000000000000666e-01 9.313504804524018743e-01 8.403397743775137263e-01
1.000000000000000000e+00 9.795974860283345187e-01 8.889276036004555293e-01
1.050000000000000044e+00 1.033741757373670689e+00 9.431231397648454085e-01
1.100000000000000089e+00 1.082246768327014497e+00 9.913051480907086876e-01
1.150000000000000133e+00 1.130972926746711238e+00 1.040261905401903553e+00
1.200000000000000178e+00 1.178998784856291060e+00 1.087447807889483142e+00
1.250000000000000000e+00 1.231889887225628977e+00 1.140979273495017488e+00
1.300000000000000044e+00 1.284006973462732404e+00 1.191079707879797445e+00
1.350000000000000089e+00 1.331037667973725247e+00 1.238966573735057919e+00
1.400000000000000133e+00 1.380980137458361234e+00 1.287074796443270497e+00
1.450000000000000178e+00 1.430775175298762303e+00 1.338023765431032963e+00
1.500000000000000000e+00 1.482118245403631684e+00 1.388493127904065760e+00
1.550000000000000044e+00 1.534014184174382844e+00 1.437745027685863208e+00
1.600000000000000089e+00 1.581782036906551392e+00 1.489763888129559399e+00
1.650000000000000133e+00 1.634562565542712953e+00 1.540196357793767401e+00
1.700000000000000178e+00 1.682219844541705145e+00 1.591440469252131562e+00
1.750000000000000000e+00 1.734373788689867579e+00 1.638036086798506208e+00
1.800000000000000044e+00 1.782989373376387743e+00 1.688800591742141588e+00
1.850000000000000089e+00 1.832415832106201181e+00 1.740192274435807374e+00
1.900000000000000133e+00 1.881952864569190753e+00 1.789517959835254857e+00
1.950000000000000178e+00 1.932411344808649734e+00 1.840762071293619906e+00
2.000000000000000000e+00 1.985560452555398925e+00 1.890013971075417354e+00
2.050000000000000266e+00 2.029052787604749941e+00 1.940040619842546832e+00
2.100000000000000089e+00 2.082607332373145770e+00 1.989809018947898522e+00
2.149999999999999911e+00 2.129748600617315191e+00 2.038138598509062760e+00
2.200000000000000178e+00 2.184777461828061540e+00 2.092371027482278212e+00
2.250000000000000000e+00 2.232397882915995169e+00 2.141475356028774257e+00
2.300000000000000266e+00 2.282229778667455022e+00 2.187665152678071046e+00
2.350000000000000089e+00 2.332688258906913781e+00 2.237544230209898455e+00
2.400000000000000355e+00 2.381082696127081455e+00 2.289157269756515678e+00
2.450000000000000178e+00 2.433015492808891178e+00 2.338704312008915931e+00
2.500000000000000000e+00 2.484284847091643211e+00 2.388952317628996624e+00
2.550000000000000266e+00 2.531315541602636277e+00 2.439384787293204848e+00
2.600000000000000089e+00 2.582842901262800250e+00 2.487050296295513885e+00
2.650000000000000355e+00 2.632748512836378119e+00 2.539142942356860111e+00
2.700000000000000178e+00 2.683022703520542951e+00 2.589501626403417855e+00
2.750000000000000000e+00 2.730901129985888076e+00 2.638384598096961131e+00
2.800000000000000266e+00 2.782502205468168732e+00 2.688079211584662787e+00
2.850000000000000089e+00 2.831928664197981949e+00 2.740282536072485620e+00
2.900000000000000355e+00 2.881686844127324232e+00 2.788206294736571778e+00
2.950000000000000178e+00 2.935020241429367349e+00 2.840999904165599332e+00
3.000000000000000000e+00 2.981018914430714872e+00 2.890878981697427630e+00
3.050000000000000266e+00 3.032693705735113543e+00 2.939798846199796589e+00
3.100000000000000089e+00 3.083778770462571206e+00 2.988792496319817360e+00
3.150000000000000355e+00 3.136338151632380278e+00 3.039483215645802261e+00
3.200000000000000178e+00 3.185580320806899568e+00 3.088218616104044578e+00
3.250000000000000000e+00 3.233901042204949672e+00 3.138429728915300476e+00
3.300000000000000266e+00 3.281853184492412367e+00 3.188899091388333495e+00
3.350000000000000089e+00 3.331463932777519510e+00 3.236417029155341574e+00
3.400000000000000355e+00 3.383212439904035307e+00 3.287218426907802638e+00
3.450000000000000178e+00 3.436472121383960854e+00 3.340528535660384435e+00
3.500000000000000000e+00 3.485124563981540025e+00 3.390075577912783356e+00
3.550000000000000266e+00 3.533334711646413773e+00 3.437741086915094169e+00
3.600000000000000089e+00 3.584604065929165806e+00 3.488800734329331021e+00
3.650000000000000355e+00 3.636278857233564032e+00 3.539085632758237399e+00
3.700000000000000178e+00 3.682166956501735200e+00 3.587894818834131083e+00
3.750000000000000000e+00 3.732588578830135617e+00 3.638917573439542696e+00
3.800000000000000266e+00 3.782567906225830168e+00 3.688685972544895719e+00
3.850000000000000089e+00 3.834832424107168958e+00 3.737605837047265123e+00
3.900000000000000355e+00 3.884885467324981523e+00 3.789108198167407071e+00
3.950000000000000178e+00 3.934311926054794739e+00 3.839835810302218100e+00
4.000000000000000000e+00 3.984991553760606209e+00 3.891338171422359160e+00
4.049999999999999822e+00 4.032906838137010119e+00 3.937232825601052255e+00
4.100000000000000533e+00 4.087751409792462987e+00 3.989288578853574574e+00
4.150000000000000355e+00 4.136108989101571431e+00 4.038466693017721099e+00
4.200000000000000178e+00 4.183876841833740201e+00 4.093252514123316033e+00
4.250000000000000000e+00 4.233192726830377062e+00 4.139663667625564258e+00
4.299999999999999822e+00 4.284314649468893954e+00 4.187070926966096174e+00
4.350000000000000533e+00 4.337684904681995413e+00 4.236470397983195468e+00
4.400000000000000355e+00 4.386189915635339887e+00 4.287862080676860366e+00
4.450000000000000178e+00 4.432594025658334047e+00 4.336560588326278776e+00
4.500000000000000000e+00 4.486664581181551981e+00 4.389538661799432973e+00
4.549999999999999822e+00 4.536828198132541345e+00 4.436761457095837358e+00
4.600000000000000533e+00 4.584374903398357404e+00 4.488743424730708753e+00
4.650000000000000355e+00 4.637118574123459958e+00 4.537847753277205243e+00
4.700000000000000178e+00 4.683596399968571689e+00 4.588206437323761655e+00
4.750000000000000000e+00 4.735455480828263397e+00 4.638454442943842793e+00
4.800000000000000711e+00 4.785877103156663814e+00 4.686156844754977513e+00
4.850000000000000533e+00 4.834124108732596348e+00 4.735925243860329203e+00
4.900000000000000355e+00 4.882002535197941029e+00 4.790637279348272770e+00
4.950000000000000178e+00 4.932792736636929298e+00 4.837675610600552289e+00
5.000000000000000000e+00 4.984209522563915584e+00 4.887960509029459111e+00
