0.000000000000000000e+00 -2.301141059238227468e-02 -3.468386534134192817e-02
5.000000000000000278e-02 3.135400821930646453e-02 -3.073633479703306165e-02
1.000000000000000056e-01 8.317623116793994298e-02 -1.977917057591407207e-02
1.500000000000000222e-01 1.299120623904628791e-01 -1.413457082564065215e-02
2.000000000000000111e-01 1.805916900962744043e-01 -1.517230207382428342e-03
2.500000000000000000e-01 2.329299237997307093e-01 1.117389602852643209e-02
3.000000000000000444e-01 2.834252619502483639e-01 3.128047683832389791e-02
3.500000000000000333e-01 3.349894795214704013e-01 5.455983920709856633e-02
4.000000000000000222e-01 3.802141363905836569e-01 8.684104692925048719e-02
4.500000000000000111e-01 4.323680805387460357e-01 1.310755247108049137e-01
5.000000000000000000e-01 4.812048126916189661e-01 1.768226076541972724e-01
5.500000000000000444e-01 5.337273359503690306e-01 2.264803283330732997e-01
6.000000000000000888e-01 5.843701057451218261e-01 2.732235171147492370e-01
6.500000000000000222e-01 6.296316205252938669e-01 3.228812377936250422e-01
7.000000000000000666e-01 6.823384333393377466e-01 3.725020656636758853e-01
7.500000000000000000e-01 7.313963129585634437e-01 4.207947524160149388e-01
8.000000000000000444e-01 7.833291096403732778e-01 4.711165436537467222e-01
8.500000000000000888e-01 8.313918256610119961e-01 5.228033688180150351e-01
9.000000000000000222e-01 8.796388312369446405e-01 5.696941288349922639e-01
9.500000000000000666e-01 9.302078852095799766e-01 6.209751331021821086e-01
1.000000000000000000e+00 9.837624299779756942e-01 6.705959609722328407e-01
1.050000000000000044e+00 1.034773778883316231e+00 7.230575351218329061e-01
1.100000000000000089e+00 1.081988762949603222e+00 7.728628270360098362e-01
1.150000000000000133e+00 1.132778964388591048e+00 8.215982274942529306e-01
1.200000000000000178e+00 1.183569165827578873e+00 8.690054868347847350e-01
1.250000000000000000e+00 1.233880214422802712e+00 9.201758126754984168e-01
1.300000000000000044e+00 1.286292163948376199e+00 9.724898155897971908e-01
1.350000000000000089e+00 1.331037667973725247e+00 1.024508676033493382e+00
1.400000000000000133e+00 1.382859890922358614e+00 1.072358649079928838e+00
1.450000000000000178e+00 1.430848891120879873e+00 1.119360087523382008e+00
1.500000000000000000e+00 1.484329720067158132e+00 1.171231376731776797e+00
1.550000000000000044e+00 1.532060714888267894e+00 1.219228921013513656e+00
1.600000000000000089e+00 1.578759688199732114e+00 1.268628392030612506e+00
1.650000000000000133e+00 1.632903959545068062e+00 1.318691933606566558e+00
1.700000000000000178e+00 1.680118943611355053e+00 1.368829260800171976e+00
1.750000000000000000e+00 1.734115783312456083e+00 1.420036479449711120e+00
1.800000000000000044e+00 1.783026231287446528e+00 1.470284485069792257e+00
1.850000000000000089e+00 1.831531242240790558e+00 1.519130563954511404e+00
1.900000000000000133e+00 1.882284585768719598e+00 1.567570821942151582e+00
1.950000000000000178e+00 1.930494733433593568e+00 1.618261541268136705e+00
2.000000000000000000e+00 1.986223894954456837e+00 1.670907579461863302e+00
2.050000000000000266e+00 2.032222567955804138e+00 1.718204160375919054e+00
2.100000000000000089e+00 2.082681048195263340e+00 1.768784201275427570e+00
2.149999999999999911e+00 2.133323817990016025e+00 1.818847742851382288e+00
2.200000000000000178e+00 2.184482598539591702e+00 1.870460782397999511e+00
2.250000000000000000e+00 2.235899384466578432e+00 1.919306861282718213e+00
2.300000000000000266e+00 2.283040652710747853e+00 1.972026685094096399e+00
2.350000000000000089e+00 2.330366210510211200e+00 2.020282479037609935e+00
2.400000000000000355e+00 2.385358213809899208e+00 2.067984880848744655e+00
2.450000000000000178e+00 2.433457787741596601e+00 2.117605708718794499e+00
2.500000000000000000e+00 2.483215967670938884e+00 2.171358531177281392e+00
2.550000000000000266e+00 2.533637589999338857e+00 2.219245397032541423e+00
2.600000000000000089e+00 2.586676124012912581e+00 2.271079793432111416e+00
2.650000000000000355e+00 2.634665124211434062e+00 2.318708409625594324e+00
2.700000000000000178e+00 2.687408794936537060e+00 2.371391340628146160e+00
2.750000000000000000e+00 2.733481183760002153e+00 2.419351992101057558e+00
2.800000000000000266e+00 2.780106441249348581e+00 2.470116497044693382e+00
2.850000000000000089e+00 2.832260385397511016e+00 2.519921788958870312e+00
2.900000000000000355e+00 2.883677171324498190e+00 2.568288261328859790e+00
2.950000000000000178e+00 2.936494557871718314e+00 2.620048872110778859e+00
3.000000000000000000e+00 2.982272083406713126e+00 2.670592020201463690e+00
3.050000000000000266e+00 3.032067121247114194e+00 2.718774028527325193e+00
3.100000000000000089e+00 3.085547950193392452e+00 2.769501640662136666e+00
3.150000000000000355e+00 3.134384682346265549e+00 2.819454503811614998e+00
3.200000000000000178e+00 3.185875184095369850e+00 2.869407366961093331e+00
3.250000000000000000e+00 3.232721589051068989e+00 2.919249551684095945e+00
3.300000000000000266e+00 3.283216927201586977e+00 2.968058737759989629e+00
3.350000000000000089e+00 3.335444587171866981e+00 3.019819348541908255e+00
3.400000000000000355e+00 3.386492793988266303e+00 3.067816892823645336e+00
3.450000000000000178e+00 3.434408078364669770e+00 3.116921221370140493e+00
3.500000000000000000e+00 3.484276832027188409e+00 3.167132334181396836e+00
3.550000000000000266e+00 3.535656760043116353e+00 3.216125984301417162e+00
3.600000000000000089e+00 3.585709803260928918e+00 3.265230312847913208e+00
3.650000000000000355e+00 3.634399103769566874e+00 3.317876351041640248e+00
3.700000000000000178e+00 3.683493841299851024e+00 3.368972891264702785e+00
3.750000000000000000e+00 3.734099753183544923e+00 3.418040327002373591e+00
3.800000000000000266e+00 3.783010201158535590e+00 3.468546582284232294e+00
3.850000000000000089e+00 3.834242697530228838e+00 3.519163515992566271e+00
3.900000000000000355e+00 3.887723526476507097e+00 3.567419309936080030e+00
3.950000000000000178e+00 3.933058757078796486e+00 3.617040137806131206e+00
4.000000000000000000e+00 3.984438685094724875e+00 3.668247356455669017e+00
4.049999999999999822e+00 4.036740060887122006e+00 3.717388577810992079e+00
4.100000000000000533e+00 4.086277093350111578e+00 3.770366651284145831e+00
4.150000000000000355e+00 4.136846147322747136e+00 3.818696230845311845e+00
4.200000000000000178e+00 4.187746922494911317e+00 3.867800559391806114e+00
4.250000000000000000e+00 4.232418710698143016e+00 3.918233029056014338e+00
4.299999999999999822e+00 4.286747271598772890e+00 3.968296570631968834e+00
4.350000000000000533e+00 4.336100014506468980e+00 4.017769827266719496e+00
4.400000000000000355e+00 4.384347020082401514e+00 4.067722690416196940e+00
4.450000000000000178e+00 4.432262304458804536e+00 4.117564875139200886e+00
4.500000000000000000e+00 4.483089363808851147e+00 4.167997344803407778e+00
4.549999999999999822e+00 4.535759318711837018e+00 4.217876422335235631e+00
4.600000000000000533e+00 4.586623235972941970e+00 4.266574929984653153e+00
4.650000000000000355e+00 4.635165104837344785e+00 4.317191863692986686e+00
4.700000000000000178e+00 4.684591563567158445e+00 4.366886477180687898e+00
4.750000000000000000e+00 4.735860917849910479e+00 4.416322841006612876e+00
4.800000000000000711e+00 4.786208824356192437e+00 4.463582529111842057e+00
4.850000000000000533e+00 4.837478178638944470e+00 4.517741172467407473e+00
4.900000000000000355e+00 4.885909473770171374e+00 4.566956179440380126e+00
4.950000000000000178e+00 4.936625959387041185e+00 4.615728472707448127e+00
5.000000000000000000e+00 4.988816761446262404e+00 4.666972584165812066e+00
