0.000000000000000000e+00 -1.899389828697612206e-02 -3.796732532679508026e-02
5.000000000000000278e-02 3.179630315201172758e-02 -3.387222354718496392e-02
1.000000000000000056e-01 8.162819890347150498e-02 -3.184311906179256024e-02
1.500000000000000222e-01 1.324552582535181433e-01 -3.125283412058749849e-02
2.000000000000000111e-01 1.800756793414515777e-01 -2.974022895874952124e-02
2.500000000000000000e-01 2.323033393117315826e-01 -2.811694537043559969e-02
3.000000000000000444e-01 2.824669562627202812e-01 -2.726841076745331952e-02
3.500000000000000333e-01 3.331097260574730212e-01 -2.107041888480015376e-02
4.000000000000000222e-01 3.801772784795248716e-01 -2.291505932606597781e-02
4.500000000000000111e-01 4.313360590291003827e-01 -2.221409595838496481e-02
5.000000000000000000e-01 4.805782282036198394e-01 -1.889374316410647250e-02
5.500000000000000444e-01 5.326953144407233776e-01 -1.745492361991913405e-02
6.000000000000000888e-01 5.836329475239463438e-01 -1.472485576684571563e-02
6.500000000000000222e-01 6.322853901215254036e-01 -1.155207420786850091e-02
7.000000000000000666e-01 6.837021760485123556e-01 -1.070353960488622247e-02
7.500000000000000000e-01 7.312488813143284139e-01 -9.006470398921669063e-03
8.000000000000000444e-01 7.842505574168425753e-01 -7.272508384131795393e-03
8.500000000000000888e-01 8.331610053918330205e-01 -6.682223442926731906e-03
9.000000000000000222e-01 8.810394318571779237e-01 -4.284190869281162897e-03
9.500000000000000666e-01 9.314979120966370152e-01 -4.062834016329264740e-03
1.000000000000000000e+00 9.849050252207977030e-01 1.950693822197318347e-03
1.050000000000000044e+00 1.035768942481902988e+00 6.525402116536558640e-03
1.100000000000000089e+00 1.082652205348661134e+00 5.049689763523899054e-03
1.150000000000000133e+00 1.133737270076119019e+00 8.812756263706179871e-03
1.200000000000000178e+00 1.182758291784285820e+00 8.702077837230230359e-03
1.250000000000000000e+00 1.235907399531035233e+00 1.194864501385807520e-02
1.300000000000000044e+00 1.286329021859434985e+00 1.519521219048592005e-02
1.350000000000000089e+00 1.332475126505016982e+00 1.574860432286566761e-02
1.400000000000000133e+00 1.381348716568949087e+00 1.796217285238465786e-02
1.450000000000000178e+00 1.432102060096878127e+00 2.209416744082010400e-02
1.500000000000000000e+00 1.483703135579159005e+00 2.290580923497706478e-02
1.550000000000000044e+00 1.533719320885912563e+00 2.519316338214668341e-02
1.600000000000000089e+00 1.580455152108435568e+00 2.998922852943782663e-02
1.650000000000000133e+00 1.631392785191658534e+00 3.249793952955933735e-02
1.700000000000000178e+00 1.682182986630646360e+00 3.349404536784288816e-02
1.750000000000000000e+00 1.732309745670576273e+00 3.832700332395934384e-02
1.800000000000000044e+00 1.781883636044624630e+00 4.183182016236441231e-02
1.850000000000000089e+00 1.829872636243145889e+00 4.441431678013656875e-02
1.900000000000000133e+00 1.881805432924955612e+00 4.611138598610110828e-02
1.950000000000000178e+00 1.931932191964885526e+00 5.323169808938720687e-02
2.000000000000000000e+00 1.984823294334223442e+00 5.588798032480997435e-02
2.050000000000000266e+00 2.032075136311568997e+00 5.736369267782263220e-02
2.100000000000000089e+00 2.080432715620678330e+00 6.411507669285554378e-02
2.149999999999999911e+00 2.133581823367427521e+00 6.754610791360998734e-02
2.200000000000000178e+00 2.183782298229474783e+00 7.079267509023783045e-02
2.250000000000000000e+00 2.233429904425640711e+00 7.466642001689603736e-02
2.300000000000000266e+00 2.279318003693811878e+00 8.208187459078468418e-02
2.350000000000000089e+00 2.332688258906913781e+00 8.466437120855678511e-02
2.400000000000000355e+00 2.383220454968490110e+00 9.174779050301758165e-02
2.450000000000000178e+00 2.433052350719949963e+00 9.945838754750871424e-02
2.500000000000000000e+00 2.485574873978700250e+00 1.037010605624200943e-01
2.550000000000000266e+00 2.532310705201223033e+00 1.100466236803745029e-01
2.600000000000000089e+00 2.583211480373388103e+00 1.165397580336301891e-01
2.650000000000000355e+00 2.631937638793085288e+00 1.277182791077011159e-01
2.700000000000000178e+00 2.682432976943602831e+00 1.391181570347238827e-01
2.750000000000000000e+00 2.734439489447530125e+00 1.466442900350884704e-01
2.800000000000000266e+00 2.781027889025817768e+00 1.611800567122631533e-01
2.850000000000000089e+00 2.830822926866218836e+00 1.762692155218176238e-01
2.900000000000000355e+00 2.882903155192263700e+00 1.894399482724555550e-01
2.950000000000000178e+00 2.935315104717837631e+00 2.056727841555947844e-01
3.000000000000000000e+00 2.981166346074950013e+00 2.283987543919897001e-01
3.050000000000000266e+00 3.032656847824054758e+00 2.490587273341668961e-01
3.100000000000000089e+00 3.084442212861629340e+00 2.752526216001416337e-01
3.150000000000000355e+00 3.135121840567440810e+00 3.099318618959390759e-01
3.200000000000000178e+00 3.184179720186666618e+00 3.404053219856505441e-01
3.250000000000000000e+00 3.233716752649656190e+00 3.774088092374428549e-01
3.300000000000000266e+00 3.280563157605355329e+00 4.204996099454125780e-01
3.350000000000000089e+00 3.333269970419399097e+00 4.613768421238630957e-01
3.400000000000000355e+00 3.383765308569917085e+00 5.015162181258073781e-01
3.450000000000000178e+00 3.432196603701143545e+00 5.474108723045010283e-01
3.500000000000000000e+00 3.481291341231427694e+00 5.978064491598833463e-01
3.550000000000000266e+00 3.531897253115121593e+00 6.415982132355341205e-01
3.600000000000000089e+00 3.583350896953167553e+00 6.939491089586581340e-01
3.650000000000000355e+00 3.636057709767211321e+00 7.420942244756959516e-01
3.700000000000000178e+00 3.682424961879146696e+00 7.797617822863441850e-01
3.750000000000000000e+00 3.731003688654608297e+00 8.339204256419086025e-01
3.800000000000000266e+00 3.783857933112887206e+00 8.872674272033160836e-01
3.850000000000000089e+00 3.832289228244113666e+00 9.289194083670984092e-01
3.900000000000000355e+00 3.886654647055802325e+00 9.852547274433567370e-01
3.950000000000000178e+00 3.933648483655737049e+00 1.027496993548344228e+00
4.000000000000000000e+00 3.984438685094724875e+00 1.082651742742192225e+00
4.049999999999999822e+00 4.033680854269244165e+00 1.120208622126364517e+00
4.100000000000000533e+00 4.086571956638581860e+00 1.173149802790693474e+00
4.150000000000000355e+00 4.135482404613572527e+00 1.229300657822825160e+00
4.200000000000000178e+00 4.182697388679859074e+00 1.277851594236941724e+00
4.250000000000000000e+00 4.236030785981902191e+00 1.318950183268344345e+00
4.299999999999999822e+00 4.285272955156422370e+00 1.370932150903215296e+00
4.350000000000000533e+00 4.334220261042471378e+00 1.419778229787934221e+00
4.400000000000000355e+00 4.384494451726636655e+00 1.467222381937290931e+00
4.450000000000000178e+00 4.435210937343506465e+00 1.514002463527792219e+00
4.500000000000000000e+00 4.484416248606967415e+00 1.570780496309954311e+00
4.549999999999999822e+00 4.535095876312778884e+00 1.615715937459189178e+00
4.600000000000000533e+00 4.585849219840707924e+00 1.661868841299660726e+00
4.650000000000000355e+00 4.635349394392639155e+00 1.718573088464172338e+00
4.700000000000000178e+00 4.682453804725749791e+00 1.760372640863255400e+00
4.750000000000000000e+00 4.735234333361910686e+00 1.807263400880232851e+00
4.800000000000000711e+00 4.785397950312900051e+00 1.856146372573776793e+00
4.850000000000000533e+00 4.839579079569294784e+00 1.908091447399822504e+00
4.900000000000000355e+00 4.884656304794172677e+00 1.950702641593062836e+00
4.950000000000000178e+00 4.934340768901397389e+00 2.007037960669320942e+00
5.000000000000000000e+00 4.981776900434036648e+00 2.055035504951058023e+00
