0.000000000000000000e+00 -1.932561948650507108e-02 -3.494211500311913271e-02
5.000000000000000278e-02 3.216488226259944794e-02 -3.793043251796977128e-02
1.000000000000000056e-01 8.137019352606009170e-02 -3.538482870902293076e-02
1.500000000000000222e-01 1.293591937245812951e-01 -3.287611770890142004e-02
2.000000000000000111e-01 1.809234112958033325e-01 -3.058876356173179795e-02
2.500000000000000000e-01 2.285806902947955799e-01 -3.103147726763558906e-02
3.000000000000000444e-01 2.793340338227246478e-01 -2.796937413513432558e-02
3.500000000000000333e-01 3.340680317450011039e-01 -2.918683682636977542e-02
4.000000000000000222e-01 3.796612677247021006e-01 -2.638298335564571995e-02
4.500000000000000111e-01 4.316677802286293386e-01 -2.634609054682040055e-02
5.000000000000000000e-01 4.827897028671461754e-01 -2.306263056136724499e-02
5.500000000000000444e-01 5.325478827964883477e-01 -2.428009325260268789e-02
6.000000000000000888e-01 5.833749421465349583e-01 -2.221409595838496134e-02
6.500000000000000222e-01 6.308479315902333351e-01 -1.981606338473939147e-02
7.000000000000000666e-01 6.823015754282789613e-01 -1.996363462004065864e-02
7.500000000000000000e-01 7.309540180258582431e-01 -1.896752878175710783e-02
8.000000000000000444e-01 7.849139998159004872e-01 -1.590542564925584434e-02
8.500000000000000888e-01 8.334558686803031913e-01 -1.778695889934698432e-02
9.000000000000000222e-01 8.817765900783534061e-01 -1.276953689910394381e-02
9.500000000000000666e-01 9.309819013418141331e-01 -1.549960475217736049e-02
1.000000000000000000e+00 9.845364461102099618e-01 -1.210546634024825020e-02
1.050000000000000044e+00 1.035179215904962646e+00 -1.169964544316976461e-02
1.100000000000000089e+00 1.084679390456893433e+00 -9.707433766602682063e-03
1.150000000000000133e+00 1.134105849186706871e+00 -8.084150178288757038e-03
1.200000000000000178e+00 1.183495450005461302e+00 -7.567650854734328872e-03
1.250000000000000000e+00 1.235538820420447381e+00 -3.509441883949516745e-03
1.300000000000000044e+00 1.286918748436375326e+00 -2.365764810364706996e-03
1.350000000000000089e+00 1.332622558149252345e+00 -2.624014472141923248e-03
1.400000000000000133e+00 1.383523333321416526e+00 -1.664801442683693997e-03
1.450000000000000178e+00 1.433797524005581581e+00 -7.055884132254664799e-04
1.500000000000000000e+00 1.483076551091159878e+00 -7.055884132254663715e-04
1.550000000000000044e+00 1.533313883864266147e+00 8.439095574378246327e-04
1.600000000000000089e+00 1.583919795747960046e+00 3.610870219336558429e-03
1.650000000000000133e+00 1.632056227590716446e+00 4.201155160541621483e-03
1.700000000000000178e+00 1.681335254676294522e+00 4.127369542890988764e-03
1.750000000000000000e+00 1.733968351668220942e+00 6.451616498885926788e-03
1.800000000000000044e+00 1.782841941732152824e+00 7.964221660723901433e-03
1.850000000000000089e+00 1.830941515663850216e+00 9.845754910815039673e-03
1.900000000000000133e+00 1.882100296213425894e+00 1.150593130795427715e-02
1.950000000000000178e+00 1.932042765698061881e+00 1.043603985202010143e-02
2.000000000000000000e+00 1.983275262069755129e+00 1.427289196985301149e-02
2.050000000000000266e+00 2.031264262268276166e+00 1.442046320515428214e-02
2.100000000000000089e+00 2.081907032063028851e+00 1.995438452895174561e-02
2.149999999999999911e+00 2.132254938569311697e+00 2.194659620551884377e-02
2.200000000000000178e+00 2.184888035561237896e+00 1.995438452895174561e-02
2.250000000000000000e+00 2.236009958199754788e+00 2.356987979383276186e-02
2.300000000000000266e+00 2.283556663465570846e+00 2.478734248506820823e-02
2.350000000000000089e+00 2.332209106063150017e+00 2.379123664678465741e-02
2.400000000000000355e+00 2.381193269860257811e+00 2.530384180862263813e-02
2.450000000000000178e+00 2.434674098806536069e+00 2.622616202925555015e-02
2.500000000000000000e+00 2.483989983803172930e+00 2.829215932347327322e-02
2.550000000000000266e+00 2.532273847290164248e+00 3.035815661769098589e-02
2.600000000000000089e+00 2.585791534147502180e+00 3.102222717654668643e-02
2.650000000000000355e+00 2.636397446031196523e+00 3.286686761781250354e-02
2.700000000000000178e+00 2.686192483871597592e+00 3.511732895615680972e-02
2.750000000000000000e+00 2.733812904959530776e+00 3.552314985323529878e-02
2.800000000000000266e+00 2.783644800710990630e+00 3.969203725049605391e-02
2.850000000000000089e+00 2.833697843928803195e+00 3.710954063272390441e-02
2.900000000000000355e+00 2.885667498521671703e+00 3.913864511811630809e-02
2.950000000000000178e+00 2.933029914232193835e+00 4.109396398585808685e-02
3.000000000000000000e+00 2.982714378339418548e+00 4.209006982414162379e-02
3.050000000000000266e+00 3.031661684225467557e+00 4.526285138311883505e-02
3.100000000000000089e+00 3.084147349573159058e+00 4.651720688317959734e-02
3.150000000000000355e+00 3.133721239947207415e+00 4.865698979504795574e-02
3.200000000000000178e+00 3.182852835388550794e+00 4.987445248628338129e-02
3.250000000000000000e+00 3.235485932380476992e+00 5.374819741294162290e-02
3.300000000000000266e+00 3.284654385732879156e+00 5.212491382462768746e-02
3.350000000000000089e+00 3.335813166282454389e+00 5.515012414830364196e-02
3.400000000000000355e+00 3.385460772478620317e+00 5.555594504538212408e-02
3.450000000000000178e+00 3.435956110629138305e+00 5.976172525146822290e-02
3.500000000000000000e+00 3.483134236784366511e+00 6.053647423679985040e-02
3.550000000000000266e+00 3.536799355285938251e+00 6.322964928104794768e-02
3.600000000000000089e+00 3.585083218772929570e+00 6.356168456047579796e-02
3.650000000000000355e+00 3.636057709767211321e+00 6.555389623704288571e-02
3.700000000000000178e+00 3.682646109345499408e+00 6.673446611945300921e-02
3.750000000000000000e+00 3.732072568075312624e+00 7.038685419315934833e-02
3.800000000000000266e+00 3.783120774891711946e+00 6.909560588427327010e-02
3.850000000000000089e+00 3.835532724417285877e+00 7.197324497264795395e-02
3.900000000000000355e+00 3.884885467324981523e+00 7.385477822273907311e-02
3.950000000000000178e+00 3.934201352321618383e+00 7.569941866400491104e-02
4.000000000000000000e+00 3.982890652830256339e+00 7.876152179650616758e-02
4.049999999999999822e+00 4.032243395737951985e+00 7.735959506114413464e-02
4.100000000000000533e+00 4.085539935128936762e+00 8.315176604671882521e-02
4.150000000000000355e+00 4.135887841635218720e+00 8.163916088488085143e-02
4.200000000000000178e+00 4.183287115256799638e+00 8.673036850277451859e-02
4.250000000000000000e+00 4.235625348960255998e+00 8.931286512054668891e-02
4.299999999999999822e+00 4.283393201692424768e+00 8.805850962048591968e-02
4.350000000000000533e+00 4.335215424641058135e+00 9.366621656193400980e-02
4.400000000000000355e+00 4.384347020082401514e+00 9.706035497386313049e-02
4.450000000000000178e+00 4.433552331345861575e+00 9.753996148859225834e-02
4.500000000000000000e+00 4.484342532784849844e+00 9.979042282693655064e-02
4.549999999999999822e+00 4.535280165868072366e+00 1.033690252829922579e-01
4.600000000000000533e+00 4.583527171444004900e+00 1.032583468565162893e-01
4.650000000000000355e+00 4.633248493462288842e+00 1.088291609891390566e-01
4.700000000000000178e+00 4.682195799348337850e+00 1.088291609891390982e-01
4.750000000000000000e+00 4.732764853320973408e+00 1.116699072686884175e-01
4.800000000000000711e+00 4.784623934180665117e+00 1.151009384894428889e-01
4.850000000000000533e+00 4.839615937480353125e+00 1.175727566807390906e-01
4.900000000000000355e+00 4.881007371599354272e+00 1.190484690337517276e-01
4.950000000000000178e+00 4.934377626812456619e+00 1.220367865486023523e-01
5.000000000000000000e+00 4.984246380474974814e+00 1.263532451811643642e-01
