0.000000000000000000e+00 -1.888332455379980804e-02 -3.667607701790900898e-02
5.000000000000000278e-02 3.039570253177839229e-02 -3.383533073835964106e-02
1.000000000000000056e-01 8.236535712464695957e-02 -2.855965907633939774e-02
1.500000000000000222e-01 1.307597943448146338e-01 -2.697326829685077823e-02
2.000000000000000111e-01 1.765741777908682586e-01 -2.512862785558496459e-02
2.500000000000000000e-01 2.304604437587929600e-01 -1.911510001705837500e-02
3.000000000000000444e-01 2.821352350631913253e-01 -1.760249485522039775e-02
3.500000000000000333e-01 3.318934149925335531e-01 -1.173653825199508227e-02
4.000000000000000222e-01 3.822044635877573371e-01 -7.346294001782429847e-03
4.500000000000000111e-01 4.325155121829811211e-01 -4.431762104582427468e-03
5.000000000000000000e-01 4.831951398887926463e-01 -1.849265486810276445e-03
5.500000000000000444e-01 5.335061884840164304e-01 7.115687057741621260e-03
6.000000000000000888e-01 5.858812800985314651e-01 1.375639264629858159e-02
6.500000000000000222e-01 6.324696796768193297e-01 2.039709823485554713e-02
7.000000000000000666e-01 6.837758918706299260e-01 2.143009688196441040e-02
7.500000000000000000e-01 7.349715303312643888e-01 2.917758673528085892e-02
8.000000000000000444e-01 7.836976887509610190e-01 3.880660983868845088e-02
8.500000000000000888e-01 8.348933272115953708e-01 4.312306847125047665e-02
9.000000000000000222e-01 8.837300593644682456e-01 5.529769538360491954e-02
9.500000000000000666e-01 9.323825019620475274e-01 6.643932364885049568e-02
1.000000000000000000e+00 9.819563923360958846e-01 8.104887594367576886e-02
1.050000000000000044e+00 1.034847494705433801e+00 1.049185232536555268e-01
1.100000000000000089e+00 1.082320484149132067e+00 1.264639236076403328e-01
1.150000000000000133e+00 1.129093173282713858e+00 1.538014949471998294e-01
1.200000000000000178e+00 1.181320833252993863e+00 1.906574109636909597e-01
1.250000000000000000e+00 1.235649394153623737e+00 2.334530692010581276e-01
1.300000000000000044e+00 1.285923584837788569e+00 2.810816853945415916e-01
1.350000000000000089e+00 1.332511984416075990e+00 3.205200980288049339e-01
1.400000000000000133e+00 1.383633907054592882e+00 3.646070045750580135e-01
1.450000000000000178e+00 1.434829545515227345e+00 4.115715502096858325e-01
1.500000000000000000e+00 1.485324883665744888e+00 4.629263400945264340e-01
1.550000000000000044e+00 1.532503009820973094e+00 5.115141693174681814e-01
1.600000000000000089e+00 1.581892610639727748e+00 5.592534639374275862e-01
1.650000000000000133e+00 1.632682812078715573e+00 6.103131113516657713e-01
1.700000000000000178e+00 1.680229517344531409e+00 6.593067614716859870e-01
1.750000000000000000e+00 1.732051740293164999e+00 7.127275486507441693e-01
1.800000000000000044e+00 1.781957351866742201e+00 7.568513480058226550e-01
1.850000000000000089e+00 1.829577772954675607e+00 8.045906426257819488e-01
1.900000000000000133e+00 1.882247727857660813e+00 8.563881462165263692e-01
1.950000000000000178e+00 1.932448202719708519e+00 9.087390419396506047e-01
2.000000000000000000e+00 1.984933868067399798e+00 9.575113352067189387e-01
2.050000000000000266e+00 2.032591147066391990e+00 1.003258418150111186e+00
2.100000000000000089e+00 2.079879846954796552e+00 1.059077237902814828e+00
2.149999999999999911e+00 2.132254938569311697e+00 1.105267034552111394e+00
2.200000000000000178e+00 2.182971424186181952e+00 1.156068432304572013e+00
2.250000000000000000e+00 2.234351352202109897e+00 1.210190182851311080e+00
2.300000000000000266e+00 2.282745789422277571e+00 1.255162516809371631e+00
2.350000000000000089e+00 2.333056838017501633e+00 1.302016384017523620e+00
2.400000000000000355e+00 2.380492969550141336e+00 1.351784783122875977e+00
2.450000000000000178e+00 2.435890409871475537e+00 1.403287144243017481e+00
2.500000000000000000e+00 2.484137415447408070e+00 1.455564254348491238e+00
2.550000000000000266e+00 2.532384421023340604e+00 1.504078297953781673e+00
2.600000000000000089e+00 2.583690633217151866e+00 1.554510767617989453e+00
2.650000000000000355e+00 2.635770861543197618e+00 1.606455842444035609e+00
2.700000000000000178e+00 2.686008194316303666e+00 1.654121351446343979e+00
2.750000000000000000e+00 2.730569408786359009e+00 1.703742179316394711e+00
2.800000000000000266e+00 2.783349937422520792e+00 1.751260117083402124e+00
2.850000000000000089e+00 2.833882133484097121e+00 1.801950836409387025e+00
2.900000000000000355e+00 2.886146651365435911e+00 1.850870700911756428e+00
2.950000000000000178e+00 2.936015405027954550e+00 1.903738095958435572e+00
3.000000000000000000e+00 2.982677520428359763e+00 1.955867634828607704e+00
3.050000000000000266e+00 3.035900343997226525e+00 2.001614717771999619e+00
3.100000000000000089e+00 3.084479070772688125e+00 2.052674365186237804e+00
3.150000000000000355e+00 3.134790119367911743e+00 2.099565125203214588e+00
3.200000000000000178e+00 3.184916878407841878e+00 2.154756767205888046e+00
3.250000000000000000e+00 3.233495605183303478e+00 2.200762099811058192e+00
3.300000000000000266e+00 3.283548648401115599e+00 2.252227568122374457e+00
3.350000000000000089e+00 3.333859696996339661e+00 2.298269793536369399e+00
3.400000000000000355e+00 3.382733287060271543e+00 2.350546903641842711e+00
3.450000000000000178e+00 3.434408078364669770e+00 2.397732806129422301e+00
3.500000000000000000e+00 3.480627898832370004e+00 2.453108912176222844e+00
3.550000000000000266e+00 3.532450121781003372e+00 2.496273498501842436e+00
3.600000000000000089e+00 3.586889256414809601e+00 2.548808858269092870e+00
3.650000000000000355e+00 3.636278857233564032e+00 2.598429686139144490e+00
3.700000000000000178e+00 3.682682967256558193e+00 2.648161192435670053e+00
3.750000000000000000e+00 3.733804889895075085e+00 2.698187841202799753e+00
3.800000000000000266e+00 3.785369107466296956e+00 2.749763987940592180e+00
3.850000000000000089e+00 3.835495866506227092e+00 2.796617855148744169e+00
3.900000000000000355e+00 3.886580931233685199e+00 2.847751288180631946e+00
3.950000000000000178e+00 3.932800751701384989e+00 2.895933296506496557e+00
4.000000000000000000e+00 3.983738384784607955e+00 2.950387082332663002e+00
4.049999999999999822e+00 4.035413176089006626e+00 2.994806024158343849e+00
4.100000000000000533e+00 4.086756246193876230e+00 3.048485060999179375e+00
4.150000000000000355e+00 4.136772431500629565e+00 3.093752537427842064e+00
4.200000000000000178e+00 4.182549957035623933e+00 3.144443256753826965e+00
4.250000000000000000e+00 4.234703901183786812e+00 3.194654369565082863e+00
4.299999999999999822e+00 4.286046971288656415e+00 3.242319878567392344e+00
4.350000000000000533e+00 4.337537473037761160e+00 3.295962022599402186e+00
4.400000000000000355e+00 4.385600189058399323e+00 3.346210028219483767e+00
4.450000000000000178e+00 4.435247795254565695e+00 3.392658074530555901e+00
4.500000000000000000e+00 4.485521985938730083e+00 3.441614831841751876e+00
4.549999999999999822e+00 4.535095876312778884e+00 3.490460910726470356e+00
4.600000000000000533e+00 4.586733809706118770e+00 3.545099160596763888e+00
4.650000000000000355e+00 4.634870241548874503e+00 3.593207383304976688e+00
4.700000000000000178e+00 4.684222984456570593e+00 3.642385497469123656e+00
4.750000000000000000e+00 4.734386601407559070e+00 3.689792756809656460e+00
4.800000000000000711e+00 4.784881939558077057e+00 3.741258225120971836e+00
4.850000000000000533e+00 4.838620773881766368e+00 3.791211088270449725e+00
4.900000000000000355e+00 4.884398299416761624e+00 3.843635769611225328e+00
4.950000000000000178e+00 4.935557079966336858e+00 3.893736203996005507e+00
5.000000000000000000e+00 4.986162991850030757e+00 3.942471604454247380e+00
