0.000000000000000000e+00 -1.998906188556296912e-02 -3.638093454730647464e-02
5.000000000000000278e-02 2.958482848848540542e-02 -3.202758310591913987e-02
1.000000000000000056e-01 8.085418277123727904e-02 -3.062565637055711387e-02
1.500000000000000222e-01 1.288063250586997111e-01 -2.933440806167103912e-02
2.000000000000000111e-01 1.803705426299217762e-01 -2.309952337019255744e-02
2.500000000000000000e-01 2.307921649583219437e-01 -2.155002539952926427e-02
3.000000000000000444e-01 2.822089508853088957e-01 -1.745492361991913405e-02
3.500000000000000333e-01 3.358003535647633986e-01 -1.151518139904318498e-02
4.000000000000000222e-01 3.786661041261152327e-01 -1.033461151663305974e-02
4.500000000000000111e-01 4.301566058752196997e-01 -5.686117604643189764e-03
5.000000000000000000e-01 4.816102497132654370e-01 -1.812372677984959652e-03
5.500000000000000444e-01 5.329901777291935483e-01 6.857437395964407177e-03
6.000000000000000888e-01 5.854758430768849387e-01 8.074900087199849211e-03
6.500000000000000222e-01 6.333542695422298419e-01 1.626510364642009751e-02
7.000000000000000666e-01 6.835547444042772147e-01 2.124563283783782730e-02
7.500000000000000000e-01 7.313594550475047695e-01 2.633684045573150140e-02
8.000000000000000444e-01 7.838451203951960489e-01 3.729400467685048404e-02
8.500000000000000888e-01 8.316866889494821669e-01 4.253278353004541490e-02
9.000000000000000222e-01 8.805602790134139379e-01 5.234627067757958302e-02
9.500000000000000666e-01 9.321244965846361419e-01 6.636553803119984996e-02
1.000000000000000000e+00 9.860107625525607045e-01 7.931491392888592729e-02
1.050000000000000044e+00 1.032414872575554865e+00 9.724481901798971706e-02
1.100000000000000089e+00 1.082246768327014497e+00 1.212251447544454158e-01
1.150000000000000133e+00 1.129977763148124259e+00 1.508500702411745276e-01
1.200000000000000178e+00 1.181984275652051775e+00 1.843118478457365372e-01
1.250000000000000000e+00 1.231816171403511406e+00 2.260007218183441302e-01
1.300000000000000044e+00 1.286329021859434985e+00 2.693497721880910301e-01
1.350000000000000089e+00 1.332217121127605930e+00 3.140269636755492200e-01
1.400000000000000133e+00 1.384592212742121076e+00 3.655293247956908909e-01
1.450000000000000178e+00 1.431991486363701771e+00 4.084725542683592669e-01
1.500000000000000000e+00 1.482118245403631684e+00 4.598642369620251635e-01
1.550000000000000044e+00 1.532945304753678295e+00 5.073083891113820965e-01
1.600000000000000089e+00 1.581671463173375036e+00 5.556748614813719067e-01
1.650000000000000133e+00 1.632867101634009277e+00 6.059966527191037455e-01
1.700000000000000178e+00 1.682219844541705145e+00 6.501204520741822313e-01
1.750000000000000000e+00 1.732899472247516615e+00 7.066033423857416285e-01
1.800000000000000044e+00 1.784242542352385996e+00 7.528669246526883407e-01
1.850000000000000089e+00 1.830351789086909875e+00 8.021557172433112504e-01
1.900000000000000133e+00 1.882395159501895954e+00 8.497105478191440131e-01
1.950000000000000178e+00 1.932779923919237364e+00 9.038322983658834131e-01
2.000000000000000000e+00 1.983570125358225189e+00 9.514240217505415265e-01
2.050000000000000266e+00 2.035171200840506067e+00 1.003147739723635246e+00
2.100000000000000089e+00 2.080727578909148168e+00 1.047271539078713731e+00
2.149999999999999911e+00 2.131591496170253563e+00 1.098810793007680919e+00
2.200000000000000178e+00 2.183966587784768709e+00 1.149317048289538956e+00
2.250000000000000000e+00 2.234719931312697749e+00 1.201667944012663192e+00
2.300000000000000266e+00 2.282414068222748949e+00 1.248189775941386914e+00
2.350000000000000089e+00 2.332540827262678640e+00 1.302569776149903547e+00
2.400000000000000355e+00 2.380750974927552388e+00 1.347173182019711257e+00
2.450000000000000178e+00 2.432499482054068629e+00 1.398380400669250623e+00
2.500000000000000000e+00 2.483658262603644307e+00 1.447669193259873310e+00
2.550000000000000266e+00 2.530430951737225875e+00 1.501385122909534076e+00
2.600000000000000089e+00 2.584169786060916074e+00 1.550452558647204881e+00
2.650000000000000355e+00 2.632637939103201763e+00 1.602250062237948969e+00
2.700000000000000178e+00 2.684312730407599989e+00 1.650358284946161769e+00
2.750000000000000000e+00 2.733444325848943368e+00 1.698245150801422465e+00
2.800000000000000266e+00 2.782612779201345088e+00 1.746759194406713345e+00
2.850000000000000089e+00 2.831154648065747903e+00 1.797708163394476033e+00
2.900000000000000355e+00 2.883861460879792116e+00 1.847697919352779383e+00
2.950000000000000178e+00 2.936826279071247381e+00 1.896359534193371887e+00
3.000000000000000000e+00 2.980576619498009894e+00 1.953764744725564162e+00
3.050000000000000266e+00 3.033541437689465159e+00 2.000397255080764047e+00
3.100000000000000089e+00 3.084589644505864481e+00 2.047177336671265113e+00
3.150000000000000355e+00 3.135195556389558380e+00 2.099380661159087946e+00
3.200000000000000178e+00 3.185359173340547301e+00 2.150329630146850413e+00
3.250000000000000000e+00 3.231284130519777253e+00 2.196187391516718268e+00
3.300000000000000266e+00 3.282664058535705198e+00 2.241159725474779041e+00
3.350000000000000089e+00 3.334043986551633587e+00 2.293031014683174273e+00
3.400000000000000355e+00 3.383433587370388018e+00 2.342910092215002571e+00
3.450000000000000178e+00 3.434039499254081917e+00 2.396330879394060087e+00
3.500000000000000000e+00 3.480443609277076078e+00 2.443959495587543884e+00
3.550000000000000266e+00 3.532560695514179727e+00 2.493137609751690853e+00
3.600000000000000089e+00 3.584898929217636088e+00 2.539696334489240037e+00
3.650000000000000355e+00 3.636610578433093099e+00 2.594113227506581687e+00
3.700000000000000178e+00 3.682351246057029126e+00 2.642110771788318324e+00
3.750000000000000000e+00 3.735610927536954673e+00 2.692949062349605072e+00
3.800000000000000266e+00 3.786327413153824928e+00 2.746849456043392479e+00
3.850000000000000089e+00 3.834942997840345313e+00 2.794256715383923506e+00
3.900000000000000355e+00 3.884811751502863952e+00 2.839745548665539410e+00
3.950000000000000178e+00 3.931658156458563091e+00 2.891284802594505265e+00
4.000000000000000000e+00 3.984807264205312283e+00 2.938802740361512900e+00
4.049999999999999822e+00 4.035007739067359545e+00 2.990969172040510937e+00
4.100000000000000533e+00 4.086977393660228941e+00 3.042102605072399601e+00
4.150000000000000355e+00 4.137399015988628470e+00 3.087038046221635579e+00
4.200000000000000178e+00 4.184835147521268617e+00 3.141344260812500622e+00
4.250000000000000000e+00 4.233598163852023255e+00 3.186537951623513276e+00
4.299999999999999822e+00 4.285199239334304799e+00 3.239479132287843122e+00
4.350000000000000533e+00 4.337390041393526019e+00 3.288288318363736362e+00
4.400000000000000355e+00 4.386226773546398228e+00 3.337982931851437574e+00
4.450000000000000178e+00 4.433073178502097811e+00 3.388009580618565941e+00
4.500000000000000000e+00 4.485411412205554171e+00 3.440913868474070103e+00
4.549999999999999822e+00 4.534137570625250468e+00 3.485000775020323793e+00
4.600000000000000533e+00 4.587286678372000104e+00 3.538716704669984114e+00
4.650000000000000355e+00 4.631553029553585610e+00 3.584980286936930494e+00
4.700000000000000178e+00 4.684186126545511364e+00 3.636408862439422851e+00
4.750000000000000000e+00 4.735455480828263397e+00 3.688095687603690997e+00
4.800000000000000711e+00 4.785029371202312198e+00 3.734949554811842098e+00
4.850000000000000533e+00 4.836519872951416055e+00 3.784976203578971354e+00
4.900000000000000355e+00 4.886130621236523197e+00 3.838286312331554040e+00
4.950000000000000178e+00 4.932719020814811728e+00 3.888792567613412299e+00
5.000000000000000000e+00 4.989111624734732686e+00 3.935461970777437646e+00
