0.000000000000000000e+00 -2.083679383991472386e-02 -3.697121948851154333e-02
5.000000000000000278e-02 3.150143986354154990e-02 -1.771317328169634900e-02
1.000000000000000056e-01 8.148076725923640573e-02 9.476826822561875210e-03
1.500000000000000222e-01 1.285114617702295403e-01 4.688613497143276354e-02
2.000000000000000111e-01 1.790436578318059802e-01 9.436717992961506096e-02
2.500000000000000000e-01 2.297970013597350480e-01 1.367570172699036080e-01
3.000000000000000444e-01 2.785968756015492764e-01 1.913583743313719832e-01
3.500000000000000333e-01 3.318934149925335531e-01 2.391345617601567941e-01
4.000000000000000222e-01 3.808775787896415688e-01 2.882388903066530061e-01
4.500000000000000111e-01 4.288297210771039314e-01 3.413276422062833659e-01
5.000000000000000000e-01 4.807993756699724952e-01 3.889562583997668854e-01
5.500000000000000444e-01 5.327321723517821628e-01 4.409382260346377813e-01
6.000000000000000888e-01 5.840383845455928702e-01 4.899318761546580525e-01
6.500000000000000222e-01 6.291893255925885553e-01 5.433157705248908842e-01
7.000000000000000666e-01 6.790949371661658684e-01 5.930472768214175572e-01
7.500000000000000000e-01 7.311014496700932730e-01 6.392001806618883286e-01
8.000000000000000444e-01 7.832185359071969222e-01 6.952403572675440735e-01
8.500000000000000888e-01 8.357042012548883125e-01 7.394748350490985001e-01
9.000000000000000222e-01 8.807814264797665382e-01 7.920101948163492667e-01
9.500000000000000666e-01 9.307607538754615328e-01 8.376834921420911462e-01
1.000000000000000000e+00 9.818458186029195289e-01 8.893334244975338310e-01
1.050000000000000044e+00 1.032378014664496080e+00 9.402455006764707246e-01
1.100000000000000089e+00 1.084826822101128574e+00 9.903090422524252201e-01
1.150000000000000133e+00 1.132262953633768277e+00 1.040409476637204955e+00
1.200000000000000178e+00 1.182131707296286693e+00 1.091690480904394800e+00
1.250000000000000000e+00 1.231963603047746547e+00 1.140352095744987082e+00
1.300000000000000044e+00 1.285002137061319161e+00 1.188165175982597299e+00
1.350000000000000089e+00 1.333064853081957324e+00 1.239556858676263085e+00
1.400000000000000133e+00 1.383302185855064037e+00 1.289103900928663338e+00
1.450000000000000178e+00 1.431770338897349060e+00 1.336400481842718868e+00
1.500000000000000000e+00 1.482744829891630811e+00 1.389230984080571663e+00
1.550000000000000044e+00 1.533682462974853777e+00 1.439257632847701363e+00
1.600000000000000089e+00 1.582740342594079364e+00 1.491092029247270911e+00
1.650000000000000133e+00 1.633125107011420774e+00 1.537613861175994856e+00
1.700000000000000178e+00 1.681298396765235736e+00 1.589042436678486103e+00
1.750000000000000000e+00 1.732604608959046555e+00 1.639991405666247903e+00
1.800000000000000044e+00 1.783800247419680796e+00 1.691788909256992213e+00
1.850000000000000089e+00 1.829135478021970407e+00 1.737314635347432468e+00
1.900000000000000133e+00 1.881694859191779257e+00 1.790550958482364674e+00
1.950000000000000178e+00 1.932853639741354934e+00 1.842016426793680273e+00
2.000000000000000000e+00 1.985486736733281354e+00 1.888944079619483629e+00
2.050000000000000266e+00 2.033733742309213888e+00 1.939856155798420190e+00
2.100000000000000089e+00 2.082128179529381562e+00 1.989292519624343836e+00
2.149999999999999911e+00 2.131738927814488704e+00 2.042159914671022314e+00
2.200000000000000178e+00 2.180538802056303016e+00 2.089456495585078510e+00
2.250000000000000000e+00 2.233098183226111644e+00 2.141659820072900899e+00
2.300000000000000266e+00 2.278543987561577833e+00 2.190026292442890821e+00
2.350000000000000089e+00 2.332651400995854996e+00 2.239905369974718674e+00
2.400000000000000355e+00 2.381819854348257159e+00 2.288935912903563796e+00
2.450000000000000178e+00 2.432720629520421340e+00 2.340659630876658071e+00
2.500000000000000000e+00 2.484469136646937137e+00 2.389874637849629391e+00
2.550000000000000266e+00 2.531094394136283565e+00 2.438905180778475401e+00
2.600000000000000089e+00 2.582216316774800902e+00 2.488562901457351817e+00
2.650000000000000355e+00 2.634775697944610418e+00 2.539327406400986753e+00
2.700000000000000178e+00 2.682690982321014328e+00 2.589280269550464642e+00
2.750000000000000000e+00 2.732338588517180256e+00 2.640893309097082753e+00
2.800000000000000266e+00 2.786704007328868915e+00 2.688595710908217029e+00
2.850000000000000089e+00 2.834766723349507522e+00 2.740688356969563699e+00
2.900000000000000355e+00 2.884488045367791020e+00 2.786398547104131929e+00
2.950000000000000178e+00 2.935867973383719409e+00 2.838823228444906199e+00
3.000000000000000000e+00 2.983525252382711379e+00 2.889218805300288295e+00
3.050000000000000266e+00 3.032988569023583381e+00 2.939024097214465669e+00
3.100000000000000089e+00 3.084847649883275977e+00 2.989788602158101050e+00
3.150000000000000355e+00 3.136485583276615419e+00 3.038782252278121376e+00
3.200000000000000178e+00 3.189081822357483276e+00 3.089583650030581996e+00
3.250000000000000000e+00 3.232463583673657936e+00 3.137987015209397157e+00
3.300000000000000266e+00 3.285133538576642920e+00 3.188235020829478295e+00
3.350000000000000089e+00 3.335481445082925767e+00 3.239110204199590282e+00
3.400000000000000355e+00 3.385571346211796673e+00 3.284709715907681016e+00
3.450000000000000178e+00 3.436914416316666276e+00 3.338351859939691302e+00
3.500000000000000000e+00 3.484203116205070838e+00 3.388562972750946312e+00
3.550000000000000266e+00 3.535177607199352590e+00 3.440876975665245752e+00
3.600000000000000089e+00 3.584161770996460383e+00 3.489280340844060913e+00
3.650000000000000355e+00 3.634804540791213068e+00 3.538864275905285517e+00
3.700000000000000178e+00 3.683862420410438876e+00 3.590034601745999865e+00
3.750000000000000000e+00 3.734468332294132775e+00 3.639803000851351111e+00
3.800000000000000266e+00 3.785811402399002379e+00 3.690825755456763613e+00
3.850000000000000089e+00 3.835311576950933166e+00 3.738417478841423058e+00
3.900000000000000355e+00 3.886617789144743540e+00 3.787521807387918216e+00
3.950000000000000178e+00 3.936818264006791246e+00 3.840167845581645256e+00
4.000000000000000000e+00 3.984659832561077142e+00 3.888312961098683296e+00
4.049999999999999822e+00 4.036924350442416376e+00 3.937232825601052699e+00
4.100000000000000533e+00 4.088230562636226750e+00 3.990137113456555973e+00
4.150000000000000355e+00 4.139094479897332590e+00 4.038688049870672536e+00
4.200000000000000178e+00 4.181186214326450212e+00 4.089673911667260242e+00
4.250000000000000000e+00 4.233745595496258396e+00 4.139184061110834811e+00
4.299999999999999822e+00 4.285641534267009334e+00 4.187476747863175142e+00
4.350000000000000533e+00 4.337316325571408449e+00 4.236913111689098344e+00
4.400000000000000355e+00 4.386963931767573932e+00 4.287087331691529890e+00
4.450000000000000178e+00 4.434252631655978938e+00 4.340139190782334566e+00
4.500000000000000000e+00 4.486259144159905787e+00 4.386993057990485667e+00
4.549999999999999822e+00 4.534985302579602084e+00 4.437499313272343926e+00
4.600000000000000533e+00 4.586770667617177111e+00 4.488927888774835395e+00
4.650000000000000355e+00 4.634022509594522887e+00 4.540799177983229740e+00
4.700000000000000178e+00 4.684923284766687068e+00 4.588169544514935971e+00
4.750000000000000000e+00 4.736450644426850154e+00 4.638454442943842793e+00
4.800000000000000711e+00 4.787498851243249476e+00 4.687706342725641129e+00
4.850000000000000533e+00 4.837367604905768559e+00 4.737954348345722266e+00
4.900000000000000355e+00 4.886167479147582426e+00 4.789272245421736685e+00
4.950000000000000178e+00 4.934303910990339048e+00 4.838155217115280848e+00
5.000000000000000000e+00 4.984872964962973718e+00 4.886743046338222207e+00
