0.000000000000000000e+00 -1.987848815238665162e-02 -3.748771881206597323e-02
5.000000000000000278e-02 2.858966488989856183e-02 1.803122586896052258e-03
1.000000000000000056e-01 8.107533023758992097e-02 4.732884867733656159e-02
1.500000000000000222e-01 1.296171991019927083e-01 9.643317722383276669e-02
2.000000000000000111e-01 1.784170733438068535e-01 1.473452534027694383e-01
2.500000000000000000e-01 2.273275213187973265e-01 1.945311558903491944e-01
3.000000000000000444e-01 2.790760284453132622e-01 2.462917666722681531e-01
3.500000000000000333e-01 3.324462836584151093e-01 2.981630558806631637e-01
4.000000000000000222e-01 3.794032623472906596e-01 3.506246300302632291e-01
4.500000000000000111e-01 4.318889276949819944e-01 3.969619979148605315e-01
5.000000000000000000e-01 4.775927374078592913e-01 4.449595421965973907e-01
5.500000000000000444e-01 5.305944135103733972e-01 4.978269372432757023e-01
6.000000000000000888e-01 5.813108991272437631e-01 5.456031246720607353e-01
6.500000000000000222e-01 6.267198455516508337e-01 5.989870190422934559e-01
7.000000000000000666e-01 6.803849640532229071e-01 6.472797057946328980e-01
7.500000000000000000e-01 7.293691278503310338e-01 6.954986069293215278e-01
8.000000000000000444e-01 7.826288093302565807e-01 7.482553235495239541e-01
8.500000000000000888e-01 8.310601044614830402e-01 7.941499777282173822e-01
9.000000000000000222e-01 8.793071100374156845e-01 8.486775491720351949e-01
9.500000000000000666e-01 9.305027484980501473e-01 8.949042386301567786e-01
1.000000000000000000e+00 9.801503546942160749e-01 9.483619186180404226e-01
1.050000000000000044e+00 1.033336320352024051e+00 9.970604262674580553e-01
1.100000000000000089e+00 1.080367014863017117e+00 1.047087075034587089e+00
1.150000000000000133e+00 1.130899210924593667e+00 1.095453547404577010e+00
1.200000000000000178e+00 1.180141380099113180e+00 1.146513194818815196e+00
1.250000000000000000e+00 1.231705597670335051e+00 1.198126234365432863e+00
1.300000000000000044e+00 1.283675252263203337e+00 1.247894633470784553e+00
1.350000000000000089e+00 1.328494472110669955e+00 1.294600929443635584e+00
1.400000000000000133e+00 1.378289509951071024e+00 1.345144077534318861e+00
1.450000000000000178e+00 1.428895421834764923e+00 1.394580441360242951e+00
1.500000000000000000e+00 1.482228819136808040e+00 1.446525516186288440e+00
1.550000000000000044e+00 1.531765851599797612e+00 1.496072558438688471e+00
1.600000000000000089e+00 1.578206819533850336e+00 1.547095313044100973e+00
1.650000000000000133e+00 1.632830243722950492e+00 1.596531676870025507e+00
1.700000000000000178e+00 1.681814407520058507e+00 1.645340862945918747e+00
1.750000000000000000e+00 1.733636630468692097e+00 1.697322830580789921e+00
1.800000000000000044e+00 1.780925330357096659e+00 1.746316480700809803e+00
1.850000000000000089e+00 1.829172335933029192e+00 1.796601379129716181e+00
1.900000000000000133e+00 1.879077947506606616e+00 1.847255205646875842e+00
1.950000000000000178e+00 1.931268749565827614e+00 1.896101284531594988e+00
2.000000000000000000e+00 1.982906682959167277e+00 1.946755111048754205e+00
2.050000000000000266e+00 2.029974235381219128e+00 1.996523510154106118e+00
2.100000000000000089e+00 2.078405530512445587e+00 2.046882194200663196e+00
2.149999999999999911e+00 2.130448900927431666e+00 2.095433130614779316e+00
2.200000000000000178e+00 2.180981096989007995e+00 2.146935491734920820e+00
2.250000000000000000e+00 2.232250451271760028e+00 2.195412642531386904e+00
2.300000000000000266e+00 2.279133714138517952e+00 2.247025682078005016e+00
2.350000000000000089e+00 2.329887057666446992e+00 2.294801869506789771e+00
2.400000000000000355e+00 2.380529827461200121e+00 2.344238233332713861e+00
2.450000000000000178e+00 2.430988307700658879e+00 2.394818274232222155e+00
2.500000000000000000e+00 2.482884246471409817e+00 2.446541992205316429e+00
2.550000000000000266e+00 2.530615241292519801e+00 2.495646320751812031e+00
2.600000000000000089e+00 2.579894268378098321e+00 2.543643865033549556e+00
2.650000000000000355e+00 2.632011354615202858e+00 2.597138437830257551e+00
2.700000000000000178e+00 2.681880108277721053e+00 2.643734055376631975e+00
2.750000000000000000e+00 2.730016540120477675e+00 2.696749021658612744e+00
2.800000000000000266e+00 2.780659309915230359e+00 2.745927135822759269e+00
2.850000000000000089e+00 2.833255548996097772e+00 2.795769320545762326e+00
2.900000000000000355e+00 2.883861460879792116e+00 2.846902753577650547e+00
2.950000000000000178e+00 2.934209367386074518e+00 2.897445901668332713e+00
3.000000000000000000e+00 2.982677520428359763e+00 2.947398764817812822e+00
3.050000000000000266e+00 3.028749909251824857e+00 2.995802129996627539e+00
3.100000000000000089e+00 3.081825301176456477e+00 3.044426852028395025e+00
3.150000000000000355e+00 3.133942387413560127e+00 3.095080678545553798e+00
3.200000000000000178e+00 3.182189392989492660e+00 3.146287897195093386e+00
3.250000000000000000e+00 3.233053310250598056e+00 3.195133976079812310e+00
3.300000000000000266e+00 3.284322664533350089e+00 3.245234410464591601e+00
3.350000000000000089e+00 3.333159396686222742e+00 3.294228060584612816e+00
3.400000000000000355e+00 3.383802166480975870e+00 3.344586744631170117e+00
3.450000000000000178e+00 3.433412914766083013e+00 3.398155103045528147e+00
3.500000000000000000e+00 3.482581368118484733e+00 3.445414791150759548e+00
3.550000000000000266e+00 3.532597553425238512e+00 3.495699689579665481e+00
3.600000000000000089e+00 3.581913438421875373e+00 3.544066161949655847e+00
3.650000000000000355e+00 3.634988830346506994e+00 3.593465632966753365e+00
3.700000000000000178e+00 3.679955481838208975e+00 3.643529174542708304e+00
3.750000000000000000e+00 3.732736010474370314e+00 3.696138319927609661e+00
3.800000000000000266e+00 3.783821075201828421e+00 3.745058184429979509e+00
3.850000000000000089e+00 3.835643298150462233e+00 3.797519758579578575e+00
3.900000000000000355e+00 3.884996041058157878e+00 3.845886230949569384e+00
3.950000000000000178e+00 3.932542746323973493e+00 3.893441061525402258e+00
4.000000000000000000e+00 3.980863467722024041e+00 3.947083205557412100e+00
4.049999999999999822e+00 4.032280253649011215e+00 3.996519569383336634e+00
4.100000000000000533e+00 4.084729061085643487e+00 4.049054929150586624e+00
4.150000000000000355e+00 4.134966393858749534e+00 4.095798117932263338e+00
4.200000000000000178e+00 4.182844820324094215e+00 4.144459732772856064e+00
4.250000000000000000e+00 4.231718410388026541e+00 4.194080560642905908e+00
4.299999999999999822e+00 4.285825823822303704e+00 4.242705282674672951e+00
4.350000000000000533e+00 4.337168893927173308e+00 4.296310533897858441e+00
4.400000000000000355e+00 4.385157894125693900e+00 4.346890574797366291e+00
4.450000000000000178e+00 4.435395226898800836e+00 4.395662868064435180e+00
4.500000000000000000e+00 4.484637396073320126e+00 4.444324482905027907e+00
4.549999999999999822e+00 4.532331532983371325e+00 4.491879313480860780e+00
4.600000000000000533e+00 4.586217798951295777e+00 4.545964171218774830e+00
4.650000000000000355e+00 4.631589887464643951e+00 4.596581104927109251e+00
4.700000000000000178e+00 4.682822383836336755e+00 4.645611647855954374e+00
4.750000000000000000e+00 4.735050043806617204e+00 4.693166478431787247e+00
4.800000000000000711e+00 4.784845081647017828e+00 4.745037767640182480e+00
4.850000000000000533e+00 4.836556730862475284e+00 4.794806166745534171e+00
4.900000000000000355e+00 4.884766878527349476e+00 4.846677455953929403e+00
4.950000000000000178e+00 4.933124457836457921e+00 4.894121608103286114e+00
5.000000000000000000e+00 4.984356954208150725e+00 4.945919111694029979e+00
