0.000000000000000000e+00 -2.006277770768051180e-02 -3.818868217974698276e-02
5.000000000000000278e-02 2.943739684425032005e-02 -3.693432667968622740e-02
1.000000000000000056e-01 8.177563054770659035e-02 -3.361397388540775244e-02
1.500000000000000222e-01 1.298752044794040938e-01 -3.265476085594951755e-02
2.000000000000000111e-01 1.785645049880419388e-01 -3.051497794408116263e-02
2.500000000000000000e-01 2.279541058067964532e-01 -3.036740670877990239e-02
3.000000000000000444e-01 2.844572834598939615e-01 -2.756355323805585039e-02
3.500000000000000333e-01 3.328148627690028505e-01 -2.475969976733179839e-02
4.000000000000000222e-01 3.788503936814091033e-01 -2.114420450245078908e-02
4.500000000000000111e-01 4.304514691636898704e-01 -2.324709460549382115e-02
5.000000000000000000e-01 4.803570807372671836e-01 -2.107041888480015029e-02
5.500000000000000444e-01 5.335061884840164304e-01 -1.745492361991913405e-02
6.000000000000000888e-01 5.816794782378313933e-01 -1.413457082564065041e-02
6.500000000000000222e-01 6.320273847441140180e-01 -1.284332251675457913e-02
7.000000000000000666e-01 6.830755915605132289e-01 -1.051907556075963764e-02
7.500000000000000000e-01 7.323914765571503116e-01 -8.748220737144454112e-03
8.000000000000000444e-01 7.807490558662592006e-01 -9.227827251873569822e-03
8.500000000000000888e-01 8.298437933965435720e-01 -6.055045692896352492e-03
9.000000000000000222e-01 8.811868635014130646e-01 -1.996836722111541666e-03
9.500000000000000666e-01 9.308344696975791033e-01 -3.952155589853314360e-03
1.000000000000000000e+00 9.828041242904476116e-01 1.692444160420102746e-03
1.050000000000000044e+00 1.033926046928964393e+00 3.795334263463140661e-03
1.100000000000000089e+00 1.081067315173133814e+00 3.500191792860608917e-03
1.150000000000000133e+00 1.130014621059183044e+00 9.624398057863142383e-03
1.200000000000000178e+00 1.182094849385227908e+00 1.095253917557453133e-02
1.250000000000000000e+00 1.236091689086328937e+00 1.460492724928085830e-02
1.300000000000000044e+00 1.286034158570964925e+00 1.327678613156946762e-02
1.350000000000000089e+00 1.331774826194900729e+00 1.501074814635934215e-02
1.400000000000000133e+00 1.383302185855064037e+00 1.866313622006566739e-02
1.450000000000000178e+00 1.429743153789116761e+00 2.087670474958465763e-02
1.500000000000000000e+00 1.481565376737750128e+00 2.283202361732643640e-02
1.550000000000000044e+00 1.534161615818617763e+00 2.652130449985807409e-02
1.600000000000000089e+00 1.582408621394550519e+00 3.364161660314415186e-02
1.650000000000000133e+00 1.631982511768598876e+00 3.367850941196947473e-02
1.700000000000000178e+00 1.684799898315819222e+00 3.408433030904794991e-02
1.750000000000000000e+00 1.732457177314811414e+00 3.858525298573656226e-02
1.800000000000000044e+00 1.782731367998976468e+00 4.094639275055680927e-02
1.850000000000000089e+00 1.831346952685496632e+00 4.452499520661250265e-02
1.900000000000000133e+00 1.881068274703780130e+00 4.946863158920489917e-02
1.950000000000000178e+00 1.930789596722063628e+00 5.301034123643528356e-02
2.000000000000000000e+00 1.984159851935165531e+00 5.636758683953910221e-02
2.050000000000000266e+00 2.031669699289922804e+00 6.094229513387832559e-02
2.100000000000000089e+00 2.079437552022091129e+00 5.994618929559480253e-02
2.149999999999999911e+00 2.131407206614959637e+00 6.573836028116948615e-02
2.200000000000000178e+00 2.182639702986652885e+00 7.459263439924541939e-02
2.250000000000000000e+00 2.235309657889638313e+00 7.367031417861250042e-02
2.300000000000000266e+00 2.280055161914987583e+00 7.758095191409604408e-02
2.350000000000000089e+00 2.330218778865976059e+00 8.370515817909855716e-02
2.400000000000000355e+00 2.382851875857902701e+00 9.134196960593908565e-02
2.450000000000000178e+00 2.433420929830537816e+00 9.698656935621249864e-02
2.500000000000000000e+00 2.482331377805528483e+00 1.023360266358834120e-01
2.550000000000000266e+00 2.530910104580989639e+00 1.101941949156757944e-01
2.600000000000000089e+00 2.580262847488686173e+00 1.173145070189618722e-01
2.650000000000000355e+00 2.634038539723435157e+00 1.250251040634529909e-01
2.700000000000000178e+00 2.685713331027833384e+00 1.322192017843897005e-01
2.750000000000000000e+00 2.732264872695062685e+00 1.410734759024656615e-01
2.800000000000000266e+00 2.782612779201345088e+00 1.530636387706935386e-01
2.850000000000000089e+00 2.830564921488807784e+00 1.654227297271745334e-01
2.900000000000000355e+00 2.882424002348499936e+00 1.825041002132960777e-01
2.950000000000000178e+00 2.934209367386074518e+00 1.956379401551087138e-01
3.000000000000000000e+00 2.981092630252832443e+00 2.172202333179188427e-01
3.050000000000000266e+00 3.031809115869702698e+00 2.400937747896149943e-01
3.100000000000000089e+00 3.083336475529866227e+00 2.664721330997162907e-01
3.150000000000000355e+00 3.134347824435206764e+00 2.966504507188251760e-01
3.200000000000000178e+00 3.185101167963135804e+00 3.295957289998326378e-01
3.250000000000000000e+00 3.230804977676013046e+00 3.702884971341567910e-01
3.300000000000000266e+00 3.283106353468410621e+00 4.065541282094429221e-01
3.350000000000000089e+00 3.333896554907398446e+00 4.482798949908757269e-01
3.400000000000000355e+00 3.384207603502622064e+00 4.975686875814985810e-01
3.450000000000000178e+00 3.430980292636204076e+00 5.416187013189265320e-01
3.500000000000000000e+00 3.485235137714716380e+00 5.874764626887947205e-01
3.550000000000000266e+00 3.532597553425238512e+00 6.387205741471593257e-01
3.600000000000000089e+00 3.583056033664697271e+00 6.852424060758833813e-01
3.650000000000000355e+00 3.635689130656623913e+00 7.312477386810527502e-01
3.700000000000000178e+00 3.681724661569030221e+00 7.820122436246885744e-01
3.750000000000000000e+00 3.731372267765196149e+00 8.309690009358834395e-01
3.800000000000000266e+00 3.779692989163246253e+00 8.833198966590074530e-01
3.850000000000000089e+00 3.835311576950933166e+00 9.219466674991138033e-01
3.900000000000000355e+00 3.885696341368274354e+00 9.699442117808504404e-01
3.950000000000000178e+00 3.933169330811972841e+00 1.023918391092288216e+00
4.000000000000000000e+00 3.984106963895195808e+00 1.067747047976764341e+00
4.049999999999999822e+00 4.033570280536068253e+00 1.120466871788141416e+00
4.100000000000000533e+00 4.085134498107289680e+00 1.168980915393432518e+00
4.150000000000000355e+00 4.137325300166510900e+00 1.215096926425078383e+00
4.200000000000000178e+00 4.180227908638921797e+00 1.267263358104075532e+00
4.250000000000000000e+00 4.234630185361669241e+00 1.311571621503280660e+00
4.299999999999999822e+00 4.284498939024187436e+00 1.366025407329447772e+00
4.350000000000000533e+00 4.337021462282938167e+00 1.405353141537235340e+00
4.400000000000000355e+00 4.385673904880516893e+00 1.461503996569367025e+00
4.450000000000000178e+00 4.433552331345861575e+00 1.512637429601255690e+00
4.500000000000000000e+00 4.484231959051673044e+00 1.562442721515432398e+00
4.549999999999999822e+00 4.534358718091603180e+00 1.605828664694004981e+00
4.600000000000000533e+00 4.585112061619532220e+00 1.662311555005563823e+00
4.650000000000000355e+00 4.633506498839699894e+00 1.702118895728080838e+00
4.700000000000000178e+00 4.684075552812335452e+00 1.754838719539457914e+00
4.750000000000000000e+00 4.733760016919560165e+00 1.806746901556678164e+00
4.800000000000000711e+00 4.785619097779251874e+00 1.844672709029103297e+00
4.850000000000000533e+00 4.834861266953772052e+00 1.895990606105118381e+00
4.900000000000000355e+00 4.882923982974410215e+00 1.958708381108157148e+00
4.950000000000000178e+00 4.931945004682577682e+00 2.000139005418987370e+00
5.000000000000000000e+00 4.984098948830739673e+00 2.041938557818070432e+00
