0.000000000000000000e+00 4.982256053277801300e+00 4.967169369577412397e+00
5.000000000000000278e-02 4.981813758345095877e+00 4.965287836327322957e+00
1.000000000000000056e-01 4.984172664652857243e+00 4.965103372283195426e+00
1.500000000000000222e-01 4.984025233008622102e+00 4.967021798342112326e+00
2.000000000000000111e-01 4.982882637765800204e+00 4.966652870253858154e+00
2.500000000000000000e-01 4.982661490299447493e+00 4.966984905533286643e+00
3.000000000000000444e-01 4.980155152347450986e+00 4.967870332945094169e+00
3.500000000000000333e-01 4.984209522563915584e+00 4.966911119915635275e+00
4.000000000000000222e-01 4.982919495676858546e+00 4.965878121268525902e+00
4.500000000000000111e-01 4.982477200744154011e+00 4.965951906886177269e+00
5.000000000000000000e-01 4.980671163102273979e+00 4.964033480827261258e+00
5.500000000000000444e-01 4.981740042522978307e+00 4.964402408915513654e+00
6.000000000000000888e-01 4.981482037145567254e+00 4.966652870253858154e+00
6.500000000000000222e-01 4.984393812119209954e+00 4.965509193180273506e+00
7.000000000000000666e-01 4.982514058655212352e+00 4.964107266444911737e+00
7.500000000000000000e-01 4.980892310568626691e+00 4.963849016783134616e+00
8.000000000000000444e-01 4.981408321323449684e+00 4.965066479474369743e+00
8.500000000000000888e-01 4.981518895056625595e+00 4.964808229812592621e+00
9.000000000000000222e-01 4.984283238386033155e+00 4.965177157900845017e+00
9.500000000000000666e-01 4.982550916566271582e+00 4.965214050709669813e+00
1.000000000000000000e+00 4.980192010258510216e+00 4.964107266444911737e+00
1.050000000000000044e+00 4.983509222253799109e+00 4.964697551386117347e+00
1.100000000000000089e+00 4.982292911188859641e+00 4.966837334297985684e+00
1.150000000000000133e+00 4.982624632388389152e+00 4.963221839033104210e+00
1.200000000000000178e+00 4.982624632388389152e+00 4.963406303077230852e+00
1.250000000000000000e+00 4.985094112429326429e+00 4.956839383106323993e+00
1.300000000000000044e+00 4.982071763722506930e+00 4.948243358650024959e+00
1.350000000000000089e+00 4.983656653898034250e+00 4.926476601443088299e+00
1.400000000000000133e+00 4.983435506431681539e+00 4.881614945911503689e+00
1.450000000000000178e+00 4.983472364342740768e+00 4.800856587392885899e+00
1.500000000000000000e+00 4.985352117806738370e+00 4.648821322223756880e+00
1.550000000000000044e+00 4.982661490299447493e+00 4.363455445959933954e+00
1.600000000000000089e+00 4.982808921943682634e+00 3.882926611010187212e+00
1.650000000000000133e+00 4.986752718426971320e+00 3.107919376016763824e+00
1.700000000000000178e+00 4.983730369720151820e+00 1.933178557401037834e+00
1.750000000000000000e+00 4.982882637765800204e+00 3.603274387513213384e-01
1.800000000000000044e+00 4.981998047900389359e+00 1.148795816364909655e-01
1.850000000000000089e+00 4.982882637765800204e+00 8.049548381129603691e-02
1.900000000000000133e+00 4.983656653898034250e+00 6.009376053089604541e-02
1.950000000000000178e+00 4.982919495676858546e+00 5.308412685408592929e-02
2.000000000000000000e+00 4.981002884301802602e+00 4.614827879492643115e-02
2.050000000000000266e+00 4.983030069410035345e+00 4.190560578001504416e-02
2.100000000000000089e+00 4.981998047900389359e+00 3.755225433862769552e-02
2.149999999999999911e+00 4.983030069410035345e+00 3.231347548543277159e-02
2.200000000000000178e+00 4.984614959585562666e+00 3.246104672073402836e-02
2.250000000000000000e+00 4.982182337455683729e+00 3.187076177952896661e-02
2.300000000000000266e+00 4.982182337455683729e+00 2.818148089699731851e-02
2.350000000000000089e+00 4.981703184611919077e+00 2.847662336759985285e-02
2.400000000000000355e+00 4.981113458034979402e+00 2.759119595579226022e-02
2.450000000000000178e+00 4.984062090919681332e+00 2.652130449985807756e-02
2.500000000000000000e+00 4.980265726080627786e+00 2.368055822030870963e-02
2.550000000000000266e+00 4.982882637765800204e+00 2.368055822030870616e-02
2.600000000000000089e+00 4.981224031768155314e+00 2.471355686741757637e-02
2.650000000000000355e+00 4.980634305191214750e+00 2.338541574970617876e-02
2.700000000000000178e+00 4.980634305191214750e+00 2.095049036723528949e-02
2.750000000000000000e+00 4.983951517186504532e+00 2.312716608792896728e-02
2.800000000000000266e+00 4.985020396607208859e+00 2.235241710259732242e-02
2.850000000000000089e+00 4.981445179234508025e+00 2.058156227898212329e-02
2.900000000000000355e+00 4.983619795986975909e+00 2.165145373491630595e-02
2.950000000000000178e+00 4.981002884301802602e+00 2.360677260265807778e-02
3.000000000000000000e+00 4.984430670030268296e+00 2.401259349973655643e-02
3.050000000000000266e+00 4.982993211498976116e+00 2.002817014660238440e-02
3.100000000000000089e+00 4.981150315946037743e+00 2.013884857307833218e-02
3.150000000000000355e+00 4.984283238386033155e+00 1.888449307301756641e-02
3.200000000000000178e+00 4.985499549450972623e+00 2.139320407313909447e-02
3.250000000000000000e+00 4.982587774477329923e+00 1.715053105822769361e-02
3.300000000000000266e+00 4.982587774477329923e+00 2.054466947015681083e-02
3.350000000000000089e+00 4.983914659275446191e+00 1.726120948470364486e-02
3.400000000000000355e+00 4.982698348210506722e+00 1.873692183771629924e-02
3.450000000000000178e+00 4.984172664652857243e+00 1.980681329365047844e-02
3.500000000000000000e+00 4.981850616256154218e+00 1.681849577879984681e-02
3.550000000000000266e+00 4.982219195366742071e+00 2.264755957319985677e-02
3.600000000000000089e+00 4.983398648520623198e+00 2.013884857307832524e-02
3.650000000000000355e+00 4.981260889679214543e+00 1.630199645524542038e-02
3.700000000000000178e+00 4.983251216876388057e+00 1.596996117581757010e-02
3.750000000000000000e+00 4.981076600123920173e+00 1.825731532298718873e-02
3.800000000000000266e+00 4.980634305191214750e+00 1.593306836699225071e-02
3.850000000000000089e+00 4.982587774477329923e+00 1.644956769054668408e-02
3.900000000000000355e+00 4.982587774477329923e+00 1.663403173467326718e-02
3.950000000000000178e+00 4.980192010258510216e+00 1.733499510235427671e-02
4.000000000000000000e+00 4.980044578614275075e+00 1.622821083759478505e-02
4.049999999999999822e+00 4.984430670030268296e+00 1.799906566120997378e-02
4.100000000000000533e+00 4.982182337455683729e+00 1.526899780813655537e-02
4.150000000000000355e+00 4.981740042522978307e+00 1.803595847003528971e-02
4.200000000000000178e+00 4.981408321323449684e+00 1.430978477867832742e-02
4.250000000000000000e+00 4.981113458034979402e+00 1.692917420527579805e-02
4.299999999999999822e+00 4.982993211498976116e+00 1.560103308756440391e-02
4.350000000000000533e+00 4.979602283681569652e+00 1.578549713169098354e-02
4.400000000000000355e+00 4.981776900434036648e+00 1.563792589638971983e-02
4.450000000000000178e+00 4.984504385852385866e+00 1.493696252870870857e-02
4.500000000000000000e+00 4.981813758345095877e+00 1.412532073455174432e-02
4.549999999999999822e+00 4.982550916566271582e+00 1.209621624915934238e-02
4.600000000000000533e+00 4.983656653898034250e+00 1.379328545512389578e-02
4.650000000000000355e+00 4.983804085542269391e+00 1.537967623461250488e-02
4.700000000000000178e+00 4.984909822874032947e+00 1.534278342578718722e-02
4.750000000000000000e+00 4.983546080164858338e+00 1.545346185226313847e-02
4.800000000000000711e+00 4.982071763722506930e+00 1.482628410223275732e-02
4.850000000000000533e+00 4.981961189989331018e+00 1.589617555816693825e-02
4.900000000000000355e+00 4.984135806741798902e+00 1.298164366096693674e-02
4.950000000000000178e+00 4.984098948830739673e+00 1.504764095518465808e-02
5.000000000000000000e+00 4.983361790609563968e+00 1.593306836699225418e-02
