0.000000000000000000e+00 4.985020396607208859e+00 4.967575190474491365e+00
5.000000000000000278e-02 4.983251216876388057e+00 4.967390726430364722e+00
1.000000000000000056e-01 4.983546080164858338e+00 4.965693657224399260e+00
1.500000000000000222e-01 4.982624632388389152e+00 4.966025692503828637e+00
2.000000000000000111e-01 4.981961189989331018e+00 4.963258731841929894e+00
2.500000000000000000e-01 4.984762391229797807e+00 4.966247049356779186e+00
3.000000000000000444e-01 4.984283238386033155e+00 4.964181052062562216e+00
3.500000000000000333e-01 4.984172664652857243e+00 4.964365516106687970e+00
4.000000000000000222e-01 4.982882637765800204e+00 4.965582978797923985e+00
4.500000000000000111e-01 4.984688675407680236e+00 4.964181052062562216e+00
5.000000000000000000e-01 4.984283238386033155e+00 4.965029586665544947e+00
5.500000000000000444e-01 4.983951517186504532e+00 4.967058691150936234e+00
6.000000000000000888e-01 4.984430670030268296e+00 4.967058691150937122e+00
6.500000000000000222e-01 4.984430670030268296e+00 4.967021798342111438e+00
7.000000000000000666e-01 4.983251216876388057e+00 4.965915014077351586e+00
7.500000000000000000e-01 4.984062090919681332e+00 4.964623765768465979e+00
8.000000000000000444e-01 4.985904986472619704e+00 4.965509193180272618e+00
8.500000000000000888e-01 4.983103785232152916e+00 4.965029586665544059e+00
9.000000000000000222e-01 4.982550916566271582e+00 4.963258731841929894e+00
9.500000000000000666e-01 4.983840943453328620e+00 4.964291730489037491e+00
1.000000000000000000e+00 4.981260889679214543e+00 4.965767442842050627e+00
1.050000000000000044e+00 4.983619795986975909e+00 4.963627659930181402e+00
1.100000000000000089e+00 4.984578101674503436e+00 4.964217944871387900e+00
1.150000000000000133e+00 4.987600450381322936e+00 4.964144159253737421e+00
1.200000000000000178e+00 4.985020396607208859e+00 4.960860699268283547e+00
1.250000000000000000e+00 4.980265726080627786e+00 4.958093738606385692e+00
1.300000000000000044e+00 4.986162991850030757e+00 4.947136574385266883e+00
1.350000000000000089e+00 4.982477200744154011e+00 4.929280454913812726e+00
1.400000000000000133e+00 4.983288074787446398e+00 4.892645895750272977e+00
1.450000000000000178e+00 4.983767227631211050e+00 4.817126316084849869e+00
1.500000000000000000e+00 4.983656653898034250e+00 4.678667604563438331e+00
1.550000000000000044e+00 4.982808921943682634e+00 4.417687874933150738e+00
1.600000000000000089e+00 4.986162991850030757e+00 3.969772282984981970e+00
1.650000000000000133e+00 4.983951517186504532e+00 3.233945210964045636e+00
1.700000000000000178e+00 4.982366627010977211e+00 2.116609602880510810e+00
1.750000000000000000e+00 4.983177501054270486e+00 5.333178193332300809e-01
1.800000000000000044e+00 4.983398648520623198e+00 1.240658910339947490e-01
1.850000000000000089e+00 4.984025233008622102e+00 8.130712560545300116e-02
1.900000000000000133e+00 4.983877801364386961e+00 6.153258007508339428e-02
1.950000000000000178e+00 4.984320096297092384e+00 5.348994775116439754e-02
2.000000000000000000e+00 4.984025233008622102e+00 4.795602642736693233e-02
2.050000000000000266e+00 4.981150315946037743e+00 3.725711186802516811e-02
2.100000000000000089e+00 4.984135806741798902e+00 3.611343479444036747e-02
2.149999999999999911e+00 4.982256053277801300e+00 3.279308200016187863e-02
2.200000000000000178e+00 4.983656653898034250e+00 3.120669122067326606e-02
2.250000000000000000e+00 4.983914659275446191e+00 3.057951347064288838e-02
2.300000000000000266e+00 4.981371463412390455e+00 2.781255280874415925e-02
2.350000000000000089e+00 4.982329769099918870e+00 2.917758673528085892e-02
2.400000000000000355e+00 4.984320096297092384e+00 2.851351617642516531e-02
2.450000000000000178e+00 4.982292911188859641e+00 2.386502226443528926e-02
2.500000000000000000e+00 4.983546080164858338e+00 2.559898427922516553e-02
2.550000000000000266e+00 4.983877801364386961e+00 2.312716608792896381e-02
2.600000000000000089e+00 4.981850616256154218e+00 2.095049036723529642e-02
2.650000000000000355e+00 4.985167828251444000e+00 2.047088385250618245e-02
2.700000000000000178e+00 4.984062090919681332e+00 2.220484586729605178e-02
2.750000000000000000e+00 4.983840943453328620e+00 2.198348901434415276e-02
2.800000000000000266e+00 4.981113458034979402e+00 1.980681329365047844e-02
2.850000000000000089e+00 4.982956353587917775e+00 1.862624341124035146e-02
2.900000000000000355e+00 4.980781736835449891e+00 1.936409958774668039e-02
2.950000000000000178e+00 4.984283238386033155e+00 1.873692183771630271e-02
3.000000000000000000e+00 4.983177501054270486e+00 2.368055822030871310e-02
3.050000000000000266e+00 4.981002884301802602e+00 1.785149442590870661e-02
3.100000000000000089e+00 4.980339441902745357e+00 1.906895711714414951e-02
3.150000000000000355e+00 4.982403484922036441e+00 1.917963554362009729e-02
3.200000000000000178e+00 4.985130970340385659e+00 1.951167082304794409e-02
3.250000000000000000e+00 4.984246380474974814e+00 2.190970339669352090e-02
3.300000000000000266e+00 4.983877801364386961e+00 1.925342116127073261e-02
3.350000000000000089e+00 4.984762391229797807e+00 1.530589061696186956e-02
3.400000000000000355e+00 4.982108621633566159e+00 1.689228139645047866e-02
3.450000000000000178e+00 4.982808921943682634e+00 1.844177936711377530e-02
3.500000000000000000e+00 4.982366627010977211e+00 1.574860432286566761e-02
3.550000000000000266e+00 4.980708021013332321e+00 1.526899780813655363e-02
3.600000000000000089e+00 4.980966026390744261e+00 1.556414027873908798e-02
3.650000000000000355e+00 4.981887474167213448e+00 1.571171151404035168e-02
3.700000000000000178e+00 4.981260889679214543e+00 1.663403173467326024e-02
3.750000000000000000e+00 4.981113458034979402e+00 1.703985263175174583e-02
3.800000000000000266e+00 4.983288074787446398e+00 1.622821083759478158e-02
3.850000000000000089e+00 4.980855452657567461e+00 1.526899780813655363e-02
3.900000000000000355e+00 4.982403484922036441e+00 1.608063960229352135e-02
3.950000000000000178e+00 4.983214358965328827e+00 1.556414027873908798e-02
4.000000000000000000e+00 4.982256053277801300e+00 1.600685398464288603e-02
4.049999999999999822e+00 4.981518895056625595e+00 1.674471016114921149e-02
4.100000000000000533e+00 4.980781736835449891e+00 1.501074814635934042e-02
4.150000000000000355e+00 4.981961189989331018e+00 1.523210499931123771e-02
4.200000000000000178e+00 4.984872964962973718e+00 1.430978477867832742e-02
4.250000000000000000e+00 4.983324932698505627e+00 1.541656904343782254e-02
4.299999999999999822e+00 4.981445179234508025e+00 1.320300051391883403e-02
4.350000000000000533e+00 4.982071763722506930e+00 1.438357039632896101e-02
4.400000000000000355e+00 4.983804085542269391e+00 1.486317691105807672e-02
4.450000000000000178e+00 4.981961189989331018e+00 1.121078883735174628e-02
4.500000000000000000e+00 4.984062090919681332e+00 1.567481870521503576e-02
4.549999999999999822e+00 4.983251216876388057e+00 1.582238994051630293e-02
4.600000000000000533e+00 4.981887474167213448e+00 1.353503579334668257e-02
4.650000000000000355e+00 4.982329769099918870e+00 1.519521219048592005e-02
4.700000000000000178e+00 4.980892310568626691e+00 1.478939129340744139e-02
4.750000000000000000e+00 4.984283238386033155e+00 1.552724746991377379e-02
4.800000000000000711e+00 4.983472364342740768e+00 1.611753241111883728e-02
4.850000000000000533e+00 4.983619795986975909e+00 1.600685398464288603e-02
4.900000000000000355e+00 4.983140643143211257e+00 1.360882141099731268e-02
4.950000000000000178e+00 4.982624632388389152e+00 1.567481870521503923e-02
5.000000000000000000e+00 4.983214358965328827e+00 1.884760026419225049e-02
