0.000000000000000000e+00 4.982587774477329923e+00 4.963553874312530922e+00
5.000000000000000278e-02 4.983509222253799109e+00 4.966283942165605758e+00
1.000000000000000056e-01 4.980302583991686127e+00 4.964070373636086941e+00
1.500000000000000222e-01 4.984983538696150518e+00 4.964697551386116459e+00
2.000000000000000111e-01 4.981408321323449684e+00 4.965804335650876311e+00
2.500000000000000000e-01 4.984541243763445095e+00 4.963738338356658453e+00
3.000000000000000444e-01 4.984946680785091289e+00 4.964549980150813724e+00
3.500000000000000333e-01 4.984283238386033155e+00 4.967648976092141844e+00
4.000000000000000222e-01 4.982034905811448589e+00 4.965177157900845906e+00
4.500000000000000111e-01 4.982845779854741863e+00 4.965177157900845906e+00
5.000000000000000000e-01 4.982550916566271582e+00 4.966062585312654321e+00
5.500000000000000444e-01 4.984946680785091289e+00 4.966025692503827749e+00
6.000000000000000888e-01 4.983214358965328827e+00 4.964181052062562216e+00
6.500000000000000222e-01 4.984762391229797807e+00 4.964808229812592621e+00
7.000000000000000666e-01 4.981813758345095877e+00 4.964808229812592621e+00
7.500000000000000000e-01 4.982624632388389152e+00 4.964808229812592621e+00
8.000000000000000444e-01 4.984172664652857243e+00 4.965656764415574465e+00
8.500000000000000888e-01 4.982661490299447493e+00 4.966579084636206787e+00
9.000000000000000222e-01 4.982477200744154011e+00 4.965693657224401036e+00
9.500000000000000666e-01 4.984578101674503436e+00 4.965509193180273506e+00
1.000000000000000000e+00 4.980155152347450986e+00 4.964144159253737421e+00
1.050000000000000044e+00 4.984062090919681332e+00 4.966025692503827749e+00
1.100000000000000089e+00 4.982845779854741863e+00 4.964808229812592621e+00
1.150000000000000133e+00 4.982661490299447493e+00 4.963959695209609890e+00
1.200000000000000178e+00 4.983361790609563968e+00 4.961561662635965320e+00
1.250000000000000000e+00 4.983214358965328827e+00 4.958425773885813292e+00
1.300000000000000044e+00 4.982882637765800204e+00 4.948686072355928722e+00
1.350000000000000089e+00 4.983767227631211050e+00 4.930756167266825862e+00
1.400000000000000133e+00 4.986826434249088891e+00 4.895671106073948842e+00
1.450000000000000178e+00 4.981813758345095877e+00 4.817679708217228907e+00
1.500000000000000000e+00 4.983914659275446191e+00 4.679442353548770583e+00
1.550000000000000044e+00 4.983177501054270486e+00 4.416913125947817598e+00
1.600000000000000089e+00 4.981887474167213448e+00 3.965935430867148170e+00
1.650000000000000133e+00 4.985057254518268088e+00 3.235384030508231756e+00
1.700000000000000178e+00 4.980708021013332321e+00 2.115687282659878488e+00
1.750000000000000000e+00 4.980192010258510216e+00 5.349042101127188253e-01
1.800000000000000044e+00 4.979970862792157504e+00 1.240658910339947907e-01
1.850000000000000089e+00 4.980597447280156409e+00 8.189741054665805597e-02
1.900000000000000133e+00 4.980118294436392645e+00 6.352479175165047509e-02
1.950000000000000178e+00 4.981113458034979402e+00 5.256762753053149939e-02
2.000000000000000000e+00 4.981113458034979402e+00 4.411917430953403441e-02
2.050000000000000266e+00 4.982145479544624500e+00 3.876971702986314189e-02
2.100000000000000089e+00 4.981150315946037743e+00 3.718332625037452932e-02
2.149999999999999911e+00 4.980744878924391550e+00 3.485907929437959824e-02
2.200000000000000178e+00 4.981555752967684825e+00 3.083776313242010680e-02
2.250000000000000000e+00 4.980818594746509120e+00 2.762808876461757268e-02
2.300000000000000266e+00 4.980781736835449891e+00 2.814458808817200258e-02
2.350000000000000089e+00 4.981260889679214543e+00 2.582034113217707150e-02
2.400000000000000355e+00 4.980450015635921268e+00 2.784944561756947171e-02
2.450000000000000178e+00 4.981076600123920173e+00 2.449220001446567735e-02
2.500000000000000000e+00 4.981703184611919077e+00 2.486112810271884355e-02
2.550000000000000266e+00 4.982550916566271582e+00 2.471355686741756943e-02
2.600000000000000089e+00 4.981666326700860736e+00 2.382812945560998028e-02
2.650000000000000355e+00 4.981850616256154218e+00 2.120874002901250790e-02
2.700000000000000178e+00 4.981408321323449684e+00 2.091359755840997703e-02
2.750000000000000000e+00 4.982624632388389152e+00 2.275823799967579761e-02
2.800000000000000266e+00 4.983767227631211050e+00 2.135631126431377508e-02
2.850000000000000089e+00 4.981408321323449684e+00 1.774081599943275883e-02
2.900000000000000355e+00 4.981408321323449684e+00 2.131941845548846609e-02
2.950000000000000178e+00 4.981150315946037743e+00 2.028641980837959241e-02
3.000000000000000000e+00 4.982403484922036441e+00 1.770392319060743944e-02
3.050000000000000266e+00 4.981666326700860736e+00 1.759324476413149166e-02
3.100000000000000089e+00 4.981555752967684825e+00 1.965924205834921473e-02
3.150000000000000355e+00 4.982882637765800204e+00 1.685538858762516620e-02
3.200000000000000178e+00 4.982219195366742071e+00 1.844177936711376836e-02
3.250000000000000000e+00 4.981592610878743166e+00 1.796217285238465786e-02
3.300000000000000266e+00 4.984062090919681332e+00 1.648646049937199654e-02
3.350000000000000089e+00 4.982550916566271582e+00 1.969613486717452719e-02
3.400000000000000355e+00 4.985241544073561570e+00 1.445735601397959459e-02
3.450000000000000178e+00 4.983435506431681539e+00 1.744567352883022449e-02
3.500000000000000000e+00 4.981740042522978307e+00 1.633888926407073283e-02
3.550000000000000266e+00 4.982772064032624293e+00 1.751945914648085981e-02
3.600000000000000089e+00 4.981740042522978307e+00 1.755635195530617573e-02
3.650000000000000355e+00 4.983288074787446398e+00 1.733499510235427671e-02
3.700000000000000178e+00 4.980413157724862927e+00 1.881070745536693803e-02
3.750000000000000000e+00 4.982219195366742071e+00 1.453114163163022644e-02
3.800000000000000266e+00 4.982071763722506930e+00 1.718742386705300954e-02
3.850000000000000089e+00 4.982514058655212352e+00 1.633888926407073283e-02
3.900000000000000355e+00 4.980302583991686127e+00 1.703985263175174930e-02
3.950000000000000178e+00 4.982403484922036441e+00 1.711363824940238115e-02
4.000000000000000000e+00 4.982219195366742071e+00 1.582238994051630293e-02
4.049999999999999822e+00 4.980413157724862927e+00 1.718742386705301300e-02
4.100000000000000533e+00 4.983030069410035345e+00 1.464182005810617596e-02
4.150000000000000355e+00 4.980118294436392645e+00 1.692917420527579458e-02
4.200000000000000178e+00 4.982587774477329923e+00 1.663403173467326718e-02
4.250000000000000000e+00 4.983693511809093479e+00 1.622821083759478505e-02
4.299999999999999822e+00 4.983398648520623198e+00 1.456803444045554063e-02
4.350000000000000533e+00 4.983103785232152916e+00 1.353503579334668430e-02
4.400000000000000355e+00 4.982108621633566159e+00 1.608063960229351441e-02
4.450000000000000178e+00 4.981703184611919077e+00 1.700295982292642644e-02
4.500000000000000000e+00 4.982440342833094782e+00 1.375639264629857986e-02
4.549999999999999822e+00 4.982182337455683729e+00 1.478939129340744139e-02
4.600000000000000533e+00 4.981740042522978307e+00 1.733499510235428018e-02
4.650000000000000355e+00 4.983288074787446398e+00 1.515831938166060586e-02
4.700000000000000178e+00 4.983177501054270486e+00 1.467871286693149188e-02
4.750000000000000000e+00 4.983288074787446398e+00 1.556414027873908625e-02
4.800000000000000711e+00 4.979934004881098275e+00 1.530589061696187476e-02
4.850000000000000533e+00 4.982993211498976116e+00 1.604374679346820196e-02
4.900000000000000355e+00 4.980929168479685032e+00 1.718742386705301300e-02
4.950000000000000178e+00 4.981297747590272884e+00 1.703985263175174583e-02
5.000000000000000000e+00 4.981297747590272884e+00 1.453114163163022471e-02
